list(u=c(0.00000E+00, 0.00000E+00, 0.00000E+00, 0.00000E+00, 0.00000E+00, 0.00000E+00, 0.00000E+00, 0.00000E+00, 0.00000E+00), lam=c(0.00000E+00, 0.00000E+00, 0.00000E+00, 0.00000E+00, 0.00000E+00, 0.00000E+00), b=0.00000E+00, a=c(0.00000E+00, 0.00000E+00, 0.00000E+00, 0.00000E+00, 0.00000E+00, 0.00000E+00, 0.00000E+00, 0.00000E+00, 0.00000E+00), gam=c(0.00000E+00, 0.00000E+00, 0.00000E+00, 0.00000E+00), psi=c(1.00000E+00, 1.00000E+00, 1.00000E+00, 1.00000E+00, 1.00000E+00, 1.00000E+00, 1.00000E+00, 1.00000E+00, 1.00000E+00), psd=1.00000E+00, phi= structure(.Data= c(1.00000E+00, 0.00000E+00, 0.00000E+00, 1.00000E+00), .Dim=c(2, 2)))
