list(N=5.00000E+02, zero=c(0.00000E+00, 0.00000E+00), d=c(5.75937E-01, 5.70839E-01, -1.42869E+00, -2.92104E-01, -1.47794E-01, -1.42314E+00, 6.69561E-01, -5.65843E-01, 9.12378E-01, -1.39698E-01, 1.54813E+00, -2.35639E+00, 4.67451E+00, -1.27632E+00, -7.43210E-01, -1.48251E+00, -1.93544E+00, 1.91570E+00, -5.19825E-02, -2.51063E+00, 1.10754E+00, 3.21163E-01, 8.19090E-01, -2.99274E-01, -1.31394E+00, 5.05033E-01, -2.05171E-01, -8.72759E-01, -1.55832E+00, -1.17460E+00, -4.04567E-01, 3.24618E+00, -7.91698E-01, 3.86953E-02, -3.18324E-01, 1.52474E+00, -7.90124E-01, -6.86577E-01, -1.03421E+00, 4.38844E-01, -1.41983E+00, 4.82831E-01, -2.32452E+00, 1.81497E+00, -1.28903E+00, 4.14947E-01, 1.04690E-01, 2.60722E+00, 5.29603E-01, -2.78250E+00, 7.31031E-02, -5.17117E-01, -1.14903E-01, -3.43676E-01, 5.25425E-01, -1.11139E+00, -1.24388E+00, -1.30793E-01, -6.91224E-01, 3.47533E-01, 3.28775E+00, -4.69874E-01, -1.85618E+00, -1.07696E+00, 3.43166E-01, 1.54856E+00, -4.58025E+00, 1.26623E+00, 9.25556E-01, 4.09165E-01, 6.60235E-01, -7.21246E-02, 8.93943E-01, 2.18255E+00, -3.44896E-01, 1.11935E-01, 4.09436E-01, -5.25199E-01, 3.78001E-01, 7.07424E-01, 1.84847E-01, 5.77384E-01, -1.41142E+00, -2.15314E-01, 3.61108E-01, -1.50936E+00, 1.49312E+00, 6.41144E-01, -1.60945E+00, 9.13868E-01, 2.27441E+00, 1.40820E+00, 4.32259E+00, -1.56919E+00, 6.20252E-01, 2.44599E-01, -1.04074E+00, -1.85307E-01, 5.25158E-01, -1.29547E+00, 1.00825E+00, -4.24053E-01, 8.19636E-01, 1.90375E+00, 1.23941E+00, 3.39189E-01, -1.11435E+00, 2.19393E+00, 6.59309E-01, -1.75350E-01, 8.93568E-01, -4.04019E-01, 7.55401E-01, -4.54851E-01, 2.10417E-01, -1.52051E+00, -5.32256E-01, -1.87678E+00, 1.42574E+00, 6.53781E-02, -8.05543E-01, 2.85879E-01, -3.60166E+00, -6.79836E+00, 1.14343E+00, -7.76753E-01, 4.44737E-01, 1.24636E+00, -2.26163E-01, -9.59792E-01, -1.35211E+00, 3.02796E-01, -5.49385E-01, -2.62849E+00, -1.71946E+00, -3.16681E-02, 6.65754E-01, 3.11638E-01, 7.01251E-01, -4.74044E-01, 8.43719E-01, 1.63858E+00, -4.47071E-01, 1.15570E+00, 1.00823E+00, 1.40414E+00, 4.68600E-01, 1.33725E+00, -3.87935E-01, 3.66046E-01, 6.20713E-01, -5.20238E-01, -5.81650E-01, -8.43241E-02, 5.11711E-01, 8.60423E-01, 9.67544E-01, -1.34588E+00, -2.01895E-01, 8.02006E-01, -1.80192E+00, -3.53283E-01, -2.48160E-01, 2.38135E+00, 1.46830E+00, -7.96325E-01, 3.20952E-01, -8.76694E-01, -4.81689E-01, 9.19517E-01, -2.19208E-01, -2.28407E+00, 4.46377E-01, 9.94271E-02, -6.42632E-01, -9.21595E-01, -2.55964E-01, 2.58721E-01, 2.47179E-01, -1.81042E+00, 2.09231E+00, -7.58923E-02, 1.58760E+00, -1.97411E+00, 1.02004E+00, -2.10004E+00, 1.47994E+00, -1.75190E+00, 1.15072E-01, 1.50527E+00, 1.21971E+00, -1.80901E-01, -5.29867E-01, 9.66077E-01, 3.55020E-01, 9.25931E-01, 7.37939E-01, -1.39441E+00, -1.89200E+00, 8.78833E-01, 9.03941E-01, 1.15528E-01, 7.10800E-01, 2.97589E+00, -3.88429E-01, -2.71163E+00, 2.50152E-01, 6.33700E-01, -8.40342E-01, 4.16891E-01, 3.23874E+00, -2.75475E-01, 1.67606E+00, 6.62000E-01, 2.04636E-01, -8.89747E-01, -8.77027E-01, -1.07110E-01, 4.22957E-01, 1.19140E+00, 7.49720E-01, -3.26935E-01, 5.47210E-01, -1.20329E-01, 1.71393E-01, 2.16389E+00, -2.44654E+00, 6.15515E-01, -6.02945E-01, 3.92450E-01, -6.59480E-01, 1.30531E-01, 1.94084E+00, 1.01489E-01, -1.76358E+00, -1.33330E+00, -2.02723E-01, -7.69204E-01, -3.06990E-01, -1.55322E-01, -6.13146E-01, 2.98291E-01, 1.07925E+00, -6.51566E-01, -1.28260E+00, -3.23398E-01, 8.35973E-01, 7.06208E-01, 1.55907E+00, -2.43606E+00, -1.35779E-02, 7.84371E-01, -1.46617E-01, 2.95441E-01, 3.74354E-01, 1.89995E+00, -9.18423E-01, 6.94470E-01, 1.55438E+00, 7.53515E-02, -5.30732E+00, -1.15078E+00, -6.06367E-02, 1.02585E+00, -2.83169E-01, 6.94546E-01, -1.92184E+00, 4.87747E-01, -1.27815E+00, 1.81675E+00, -2.21637E+00, 5.25124E-01, -6.52117E-01, 2.98955E+00, -6.19784E-01, -2.11341E+00, 1.99482E+00, -1.17347E+00, 2.55891E+00, -8.27229E-01, -1.44381E-01, 3.30501E-01, 4.28987E-01, -2.92867E-01, -3.61342E+00, 7.89223E-01, -1.64160E-02, -6.48268E-01, -1.99872E+00, -2.98732E-01, 2.56714E+00, -1.38026E+00, 5.65194E-01, 2.62648E-01, -2.63049E-02, -3.21329E-01, -6.22382E-01, 7.54148E-03, 3.52957E-02, 1.10856E-01, -2.87515E-01, -4.53970E-01, -5.08758E-01, -7.65839E-01, 9.67881E-01, -3.06068E-01, -1.10801E+00, -1.73834E+00, -2.68662E+00, 8.84688E-01, 1.24060E+00, -1.40456E+00, -7.32815E-01, 6.56448E-01, -4.03149E-01, 3.93300E-01, 4.17462E-01, 1.10923E+00, 9.94408E-01, -5.56806E-01, -5.76763E-01, -2.27904E-02, 1.69522E+00, 2.58491E-01, 4.38041E-01, 1.98460E-01, -2.18718E+00, 9.65484E-02, 4.60523E-01, -4.07794E+00, 5.75185E-01, -1.61147E+00, -1.53581E+00, -7.86607E-01, 6.58689E-01, 3.68446E-01, 6.69153E-01, 1.40556E+00, -1.77962E+00, 5.51366E-01, -9.54762E-01, 3.75832E-01, -5.03037E-01, 1.24730E+00, -5.40338E-01, 1.39850E+00, 7.83195E+00, 1.94675E+00, 2.49853E-01, -2.44170E+00, 9.15805E-01, 4.96254E-01, 7.96270E-01, 3.01099E-01, -7.92967E-01, -3.65341E+00, 6.72550E-01, -1.77510E-01, 8.75168E-02, 1.35281E+00, 4.30863E+00, 2.15930E-01, 3.39433E-01, 1.70682E-01, -5.59289E-01, -9.64573E-01, -1.00697E+00, 6.03991E-01, -2.09982E-01, -4.09004E-01, -1.04586E+00, 6.05254E-01, -2.62317E-01, -1.14169E-02, 1.13436E-01, 1.34636E+00, -2.42483E-01, 1.07265E+00, 2.22064E+00, 6.93119E-01, 1.12234E+00, -1.54023E+00, -2.24583E-01, -9.08874E-01, 8.08667E-01, 1.33267E+00, 3.77860E-01, 1.47526E+00, 9.81305E-01, 5.69057E-01, -1.11901E+00, 1.17166E-01, -7.68443E-01, -9.59879E-01, -4.11127E-01, 1.22835E+00, 2.23536E+00, -8.47160E-01, 1.48404E+00, -3.32234E-01, -6.72637E-01, -1.19831E-01, 8.02067E-01, -6.91235E-01, 4.05558E-01, 1.48671E+00, -1.29679E+00, -1.22375E-01, -1.27117E+00, -5.97236E-01, 7.21053E-01, -7.91489E-01, -1.75246E+00, -7.30550E-01, 4.59702E-01, 1.59482E-02, -1.15691E+00, 7.84655E-01, 6.32391E-01, 1.42974E+00, 5.05876E-02, 1.06981E+00, 1.12143E+00, -4.87967E-01, -2.49865E+00, -9.86885E-01, 2.54407E+00, 1.14792E+00, 4.69697E-01, 1.12914E-01, 8.76108E-01, -3.24690E-01, 5.23619E+00, 2.43317E+00, -1.02986E+00, 2.90026E+00, 3.12267E-01, 2.45703E-01, -8.94508E-01, 2.08336E+00, 1.20796E+00, 5.76972E-02, -1.19426E+00, 2.43535E-01, -1.00124E+00, -1.26392E+00, 6.39091E-01, -6.28436E-01, -1.29388E+00, -1.42921E-01, -5.26291E-01, 2.25852E-01, 6.04782E-01, 2.56436E+00, 9.54844E-02, -7.00712E-01, -2.46951E+00, -1.29110E-01, -1.45466E-01, 5.92828E-01, 2.37464E+00, 1.61559E+00, 2.04041E-01, -7.01753E-02, 5.13118E-01, 3.93249E-01, -2.21689E+00, 2.84605E-01, -1.16080E+00, -2.32662E-01, -1.43247E-01, 5.12157E-01, 4.54949E-01, -2.95363E-01, 1.09158E+00, 3.84054E-01, 5.88169E-01, -6.79711E-01, -4.41475E-01, -7.13579E-01, 7.31708E-01, 8.01781E-01, 3.83308E-01, 2.65235E-01, -4.01263E-01, 6.54733E-01, 7.37571E-01, 2.23779E+00, -3.74829E+00, -9.68408E-01, -6.76075E-01, -1.26255E+00, -8.37235E-01, 6.88161E-01, 1.32731E+00, -8.74616E-01, -6.75181E-01, -7.12727E-01, 7.37149E-01, 4.80709E-01),