list(u=c(-1.00000E+00, -1.00000E+00, -1.00000E+00, -1.00000E+00, -1.00000E+00, -1.00000E+00, -1.00000E+00, -1.00000E+00, -1.00000E+00), lam=c(-1.00000E+00, -1.00000E+00, -1.00000E+00, -1.00000E+00, -1.00000E+00, -1.00000E+00), b=-1.00000E+00, a=c(-1.00000E+00, -1.00000E+00, -1.00000E+00, -1.00000E+00, -1.00000E+00, -1.00000E+00, -1.00000E+00, -1.00000E+00, -1.00000E+00), gam=c(-1.00000E+00, -1.00000E+00, -1.00000E+00, -1.00000E+00), psi=c(5.00000E-01, 5.00000E-01, 5.00000E-01, 5.00000E-01, 5.00000E-01, 5.00000E-01, 5.00000E-01, 5.00000E-01, 5.00000E-01), psd=5.00000E-01, phi= structure(.Data= c(5.00000E-01, 0.00000E+00, 0.00000E+00, 5.00000E-01), .Dim=c(2, 2)))
