list(mu.y1=c(-2.00000E-01, -2.00000E-01, -2.00000E-01, -2.00000E-01, -2.00000E-01, -2.00000E-01, -2.00000E-01, -2.00000E-01, -2.00000E-01, -2.00000E-01, -2.00000E-01, -2.00000E-01, -2.00000E-01, -2.00000E-01, -2.00000E-01, -2.00000E-01, -2.00000E-01), mu.y2=c(-2.00000E-01, -2.00000E-01, -2.00000E-01, -2.00000E-01, -2.00000E-01, -2.00000E-01, -2.00000E-01, -2.00000E-01, -2.00000E-01, -2.00000E-01, -2.00000E-01, -2.00000E-01, -2.00000E-01, -2.00000E-01, -2.00000E-01, -2.00000E-01, -2.00000E-01), lam1=c(9.00000E-01, 9.00000E-01, 9.00000E-01, 9.00000E-01, 9.00000E-01, 9.00000E-01, 9.00000E-01, 9.00000E-01, 3.00000E-01, 3.00000E-01, 3.00000E-01, 3.00000E-01, 3.00000E-01), lam2=c(9.00000E-01, 9.00000E-01, 9.00000E-01, 9.00000E-01, 9.00000E-01, 9.00000E-01, 9.00000E-01, 9.00000E-01, 3.00000E-01, 3.00000E-01, 3.00000E-01, 3.00000E-01, 3.00000E-01), psi1=c(9.00000E-01, 9.00000E-01, 9.00000E-01, 9.00000E-01, 9.00000E-01, 9.00000E-01, 9.00000E-01, 9.00000E-01, 9.00000E-01, 9.00000E-01, 9.00000E-01, 6.00000E+00, 6.00000E+00, 6.00000E+00, 6.00000E+00, 6.00000E+00, 6.00000E+00), psi2=c(9.00000E-01, 9.00000E-01, 9.00000E-01, 9.00000E-01, 9.00000E-01, 9.00000E-01, 9.00000E-01, 9.00000E-01, 9.00000E-01, 9.00000E-01, 9.00000E-01, 6.00000E+00, 6.00000E+00, 6.00000E+00, 6.00000E+00, 6.00000E+00, 6.00000E+00), psd1=1.00000E+00, psd2=1.00000E+00, gam1=c(3.00000E-01, 3.00000E-01, 3.00000E-01), gam2=c(3.00000E-01, 3.00000E-01, 3.00000E-01), phi1= structure(.Data= c(1.00000E+00, 0.00000E+00, 0.00000E+00, 0.00000E+00, 1.00000E+00, 0.00000E+00, 0.00000E+00, 0.00000E+00, 1.00000E+00), .Dim=c(3, 3)), phi2= structure(.Data= c(1.00000E+00, 0.00000E+00, 0.00000E+00, 0.00000E+00, 1.00000E+00, 0.00000E+00, 0.00000E+00, 0.00000E+00, 1.00000E+00), .Dim=c(3, 3)))
