list(N=5.00000E+02, zero=c(0.00000E+00, 0.00000E+00), d=c(1.69719E-01, 1.68407E-01, 1.50122E+00, -3.63053E-01, -7.35998E-01, -1.26375E+00, 2.36377E+00, 5.48879E-01, -7.71201E-01, 2.01978E-01, -1.10094E+00, 2.14608E+00, -4.97968E-01, 6.81764E-01, -5.47540E-01, -4.00001E-01, -5.03248E-01, -1.91490E-02, -4.87293E-02, -4.66428E-01, 1.65529E+00, -8.79619E-02, -3.42753E+00, 1.89852E+00, -4.26880E-01, 1.82034E-01, 1.24327E+00, -7.26119E-01, -6.07715E-01, -1.11716E-01, 9.71728E-01, -7.56828E-01, -6.17871E-01, 9.30726E-01, 1.98813E-01, -2.21732E+00, -1.35291E+00, -8.01111E-02, 1.11561E+00, 8.87193E-01, 1.53249E+00, 1.57081E+00, -1.69494E+00, -1.77418E+00, 1.64842E+00, -6.94471E-01, 2.07536E+00, -2.70322E-01, 1.10042E+00, -1.19630E+00, -1.83822E+00, -4.89571E-01, 2.74280E-01, -8.96220E-01, -9.99133E-01, -1.68286E+00, -1.60470E+00, -9.90743E-02, -8.79075E-01, -3.42587E-01, 1.16621E+00, 1.02385E+00, -4.39716E-01, -1.98817E-02, 3.64069E-01, -1.53619E+00, 2.85222E+00, -8.77584E-01, 1.11221E+00, -6.18755E-01, -2.14349E+00, 8.20296E-01, -9.72734E-01, -6.12901E-01, 5.72958E-01, 4.34106E-01, -8.65468E-01, 6.21702E-01, 3.75522E+00, 2.41982E+00, -7.36108E-01, -1.63547E+00, 1.21605E+00, -2.93739E-01, -8.25390E-01, 2.51322E+00, -2.01469E-01, 7.02136E-01, 1.67637E+00, 2.47963E-01, -1.69805E+00, -2.09438E-01, -6.86374E-02, -1.03989E+00, 9.57261E-03, -6.50638E-01, -5.06476E-02, -2.51178E-01, 6.97772E-01, -6.89744E-01, -1.77091E+00, -2.25198E-01, 4.63815E-02, 1.15417E+00, 6.79577E-01, -1.43137E+00, -9.04310E-01, 3.96875E-01, -1.24026E-01, -2.22564E+00, 1.47332E+00, 4.30120E-01, 2.33924E-01, 1.20329E+00, 1.19628E-01, -1.92494E+00, -4.98094E-01, 3.37567E-01, 4.85354E-01, 1.53409E-01, 1.26912E-02, -1.14321E+00, -7.64488E-01, -3.51958E-01, 1.52622E+00, -6.85945E-01, -6.24709E-01, 4.51146E-01, -1.07147E+00, -1.51033E+00, -5.40500E-01, -1.35072E-01, 1.04840E+00, 1.73503E-01, 1.08561E-01, 8.52531E-01, -1.26786E-01, 6.73260E-01, 8.60515E-01, -8.73173E-01, -7.72777E-01, -1.63908E+00, 1.48091E-01, -1.27452E+00, -5.86280E+00, 1.05527E+00, -6.81877E-01, -5.97731E-01, 2.97880E-01, -1.75982E+00, 6.74302E-01, 9.45280E-01, -9.19541E-01, 2.64369E-01, -1.85083E+00, 6.89641E-01, -2.49031E+00, -1.67985E+00, -4.78507E-02, 1.37363E+00, 1.04661E+00, -1.21847E+00, -2.22270E+00, -3.74671E-01, -8.70632E-01, 2.84145E-01, -1.53705E+00, 9.82739E-01, 5.85347E-01, 8.76083E-01, -6.38975E-01, -3.90115E-01, -6.55812E-01, -1.39358E-01, 2.30964E+00, -4.41790E-01, -2.08681E+00, -3.16081E-01, -1.22845E+00, 1.28287E-01, 1.00461E+00, -1.37155E+00, -1.76242E+00, 5.82349E-01, 2.61567E-01, -1.49126E-01, -1.57827E+00, 2.50092E-01, -6.26105E-01, 3.65950E-01, 4.58937E-02, 2.44784E+00, 1.31123E+00, 1.22594E+00, -1.50612E-01, -3.02868E+00, -2.75820E+00, -3.77587E-01, 1.88225E-01, 1.05424E+00, -1.67754E+00, 3.65376E-01, -1.65066E+00, -2.88027E-01, -6.95908E-01, 1.70374E+00, -2.55888E-01, 2.36849E-02, 1.67896E-01, -2.14477E+00, -1.01016E+00, -4.36576E-01, -7.65270E-01, -1.29179E-01, 3.55313E+00, -6.62406E-01, -7.08687E-02, -6.72524E-01, 1.11078E+00, 1.10494E+00, -6.33777E-01, -2.74543E+00, 1.37991E+00, 1.11140E+00, -1.33193E+00, -3.51791E-01, 9.29014E-02, -3.17533E+00, 1.05519E+00, 7.75784E-01, -1.20983E-01, 9.56698E-01, -1.15851E-01, -2.03931E+00, -5.63631E-01, 3.97203E-01, -2.34975E-01, -1.75349E+00, 3.88465E+00, 4.45574E-01, 8.88329E-01, 1.37708E+00, -2.45068E-01, 3.19363E-01, 1.80367E-01, 2.14055E+00, 1.25111E+00, 1.81686E-01, -1.19552E+00, 2.01627E-01, 4.11187E-01, -4.82831E-02, 7.18891E-01, 1.35862E+00, -5.20747E-01, 2.29474E+00, 9.72140E-01, 1.09873E+00, 2.74452E-01, -3.69698E-01, -9.27469E-01, 1.97999E+00, 1.63444E-01, 8.90306E-01, -2.59432E+00, -1.48088E+00, 8.34164E-02, 5.74778E-01, -8.23144E-01, -6.11957E-01, 2.74921E-02, 1.01526E-01, -6.01161E-01, 1.01843E+00, 9.27810E-01, 4.33422E-01, 1.32286E+00, -1.76136E+00, -3.81432E+00, -3.31487E-01, -1.95681E+00, 4.46798E-01, -3.28528E-01, 6.38750E-01, -1.23279E+00, -1.11996E-01, -3.24156E-01, -1.45833E+00, 3.12880E-01, 2.26910E-01, -6.21380E-01, -5.62215E-01, -1.21898E+00, 3.05242E-01, 1.83803E+00, -6.03609E-01, 2.64105E+00, 1.11180E+00, 7.23633E-02, 1.02327E+00, 1.40360E+00, -1.19971E+00, 1.18443E+00, -1.42910E+00, 7.20782E-01, -1.16738E+00, -1.03799E+00, 3.17826E-01, -2.37911E-01, -2.45251E+00, 2.11374E+00, 7.12432E-01, -2.98466E+00, 9.57152E-01, -2.94942E-01, 9.52874E-01, -7.68899E-01, 1.44201E+00, -2.21120E+00, 9.04224E-01, 3.88131E-01, 1.02713E-01, 4.43741E-01, 2.22752E+00, -4.56329E-01, -7.92019E-01, 8.32682E-01, -9.11257E-02, 1.30433E+00, -9.77550E-01, -1.35661E+00, -5.54593E-01, -4.29685E-01, 1.20394E-01, 1.47424E-01, 9.86618E-01, 4.90172E-01, 1.28760E+00, 1.14547E+00, 1.38632E+00, 1.94358E-01, 7.41444E-02, -3.75290E+00, -7.15061E-01, 2.06399E+00, 1.24018E+00, 6.42559E-01, -1.09415E+00, -1.03231E+00, -1.90009E+00, 1.90578E+00, -1.06347E+00, 6.93839E-03, 2.28285E+00, -2.22818E+00, -1.80393E+00, 2.15366E-01, -3.25484E-01, 2.12115E+00, 1.24477E+00, 3.99274E-01, -1.96225E-02, -1.61262E+00, 4.54134E-01, -4.81813E-01, 3.24134E-01, -4.36796E-01, 1.13837E+00, -4.96798E-02, -7.39866E-01, -1.08886E+00, 9.23506E-01, 2.85173E-02, -1.95167E+00, 1.62486E-01, -1.82242E-01, 1.33647E+00, -1.79182E-01, -1.46130E-01, 1.14785E+00, -2.42221E+00, -2.38869E+00, 4.60103E-01, 1.49106E-01, -1.23792E+00, 5.79728E-01, 2.46869E+00, -1.38415E+00, -9.20302E-01, 1.15043E+00, -1.16259E+00, 1.54315E+00, -1.07534E+00, 3.38538E-01, -9.53539E-01, -6.42161E-01, -6.78424E-01, -2.47385E-01, 1.59924E+00, -1.51536E+00, 3.05208E+00, -3.10986E+00, -3.84418E-01, -2.09979E+00, 1.97273E-01, 1.95902E-01, -1.49339E+00, 2.25179E+00, -1.68631E+00, 1.32024E+00, -4.70196E-01, 1.32999E+00, -7.11898E-01, -1.17884E+00, 1.82542E-01, 9.52587E-02, 2.30747E+00, 1.44159E+00, -6.06563E-01, 8.41844E-01, -1.15551E+00, 1.14391E+00, -3.51702E-02, -1.12350E+00, 1.57239E+00, -2.57332E-01, -7.39588E-01, 6.64659E-02, -1.13015E+00, 1.32492E-01, -1.99603E-01, 4.67342E-01, 5.14549E-01, 1.11216E+00, -9.33389E-01, 7.65171E-01, 4.35335E+00, 3.85154E-01, 6.03642E-01, -2.07874E-01, -2.38188E-01, 7.03041E-01, -1.99270E+00, 2.17466E+00, 2.55396E-01, -1.14681E+00, -7.93564E-01, -3.75828E-01, 1.24496E+00, -1.54316E-01, 1.22784E+00, 9.47493E-01, 5.56707E-01, 1.15529E+00, -6.83090E-01, -1.09735E+00, 3.30730E-01, -9.95208E-01, -3.70770E-01, 2.91595E-02, -1.00352E-01, -1.54376E+00, 1.19655E+00, -7.76627E-01, 1.19293E+00, -6.50275E-01, -1.47457E+00, 3.67284E-02, -4.98813E-01, -1.37670E+00, -5.44084E-01, 6.78360E-01, -7.51469E-01, 7.83715E-01, 4.69380E-01, -6.14952E-01, -3.19004E-01, 1.81939E+00, 1.31815E-01, -9.13934E-01, 1.27823E+00, -3.46539E-01, 1.71830E+00, -3.31630E-01, 1.66430E-01, 7.02530E-01, 4.39369E-01, -3.03738E-01, -2.34342E+00, -1.38005E+00, 2.11851E-02, 1.66133E-01, 7.69981E-01, -1.12187E+00, -1.26958E-01, 1.30109E+00, 1.33554E+00, 1.65231E+00, -3.88074E-01, -2.77564E-01),