list(N=5.00000E+02, zero=c(0.00000E+00, 0.00000E+00), d=c(-4.33404E-01, -1.17926E+00, -5.58855E-01, -1.15201E+00, -6.41773E-01, 1.35393E+00, 1.00276E+00, -4.05308E-01, 1.06433E+00, 2.96617E-01, -6.80541E-01, 1.46449E+00, -7.10070E-01, 9.59056E-04, 3.87908E-01, 5.51781E-01, -3.41013E-01, 8.52894E-01, -1.50688E+00, -4.62797E-01, 4.49415E+00, -1.22062E+00, -2.62447E-02, 1.26428E-01, -9.68157E-01, 6.07065E-01, -4.93176E-01, -1.51269E-01, -1.75447E-01, 1.53728E+00, 9.05578E-01, -1.15135E+00, -5.66330E-01, 1.80614E+00, -6.92719E-01, 3.28323E-01, -1.32326E-01, -2.93198E-01, -6.28287E-01, 2.84320E-01, -2.86041E-02, -6.93169E-01, -1.17472E+00, -2.04298E+00, 1.35550E-01, -1.21749E+00, -6.60502E-01, -1.19835E+00, 3.51133E+00, 2.20238E+00, -3.82352E-01, 2.70326E-01, -1.36325E+00, 8.79230E-01, -5.13771E-01, -7.32071E-02, -1.63823E+00, -8.64226E-01, -1.82789E+00, 3.60372E-01, 1.72310E-01, 8.05259E-01, 3.73017E-01, 7.83758E-01, -1.16629E+00, -8.66663E-01, -2.57694E+00, 6.27770E-02, -7.36543E-01, -5.20852E-01, -2.70205E-01, -1.67359E-01, 3.28721E-01, 1.85742E+00, 1.79729E+00, -2.68748E-01, 9.60075E-01, 5.50724E-01, -2.07901E-01, -9.26834E-01, 1.38356E+00, -4.32458E-01, 8.61838E-01, -1.67695E+00, 5.63985E-01, -2.65281E+00, 5.07255E-01, -3.19815E-01, 1.09069E+00, 1.84988E-01, 2.30174E-01, 1.61640E+00, 5.55423E-01, 3.49454E-01, 3.63675E+00, 1.20362E+00, -8.73185E-01, -5.63933E-01, -2.29628E-01, 7.44209E-01, 3.02469E-01, -8.70690E-01, 2.91636E+00, 1.17614E-01, 4.71332E-01, -3.19400E+00, 9.03625E-01, -3.80938E-01, 1.19211E-01, 6.43553E-02, 5.19462E-01, -1.64984E+00, 6.82668E-01, 9.60849E-01, -7.06951E-01, -4.73106E-01, -5.18313E-01, -4.68701E-01, -1.03493E-01, 3.70107E+00, -1.98631E-01, -1.97092E+00, -1.63670E+00, 1.55843E+00, -5.06837E+00, -7.32068E-02, -7.22631E-01, 8.84445E-01, 6.78019E-01, 2.30411E+00, 1.31031E+00, -5.06542E+00, -2.98063E-01, 1.24685E+00, -1.86851E-01, -8.50444E-01, 7.36159E-01, -4.05502E-01, 1.33298E+00, 1.52156E+00, -9.53540E-01, -2.17089E-01, 7.48625E-01, -3.64263E-01, -1.43481E+00, 3.23955E-01, -1.61165E+00, 1.23516E+00, 7.78324E-02, 9.12402E-01, 2.13205E+00, -2.04392E-01, -6.05786E-01, -1.31514E-01, 6.76940E-01, 3.36449E+00, 4.39558E-02, -5.79067E-01, -4.99718E-01, 2.85114E+00, 7.27736E-01, -6.85033E-01, 2.24605E+00, 1.12344E+00, -1.65029E-01, 2.59739E-01, 1.47058E+00, -1.23784E+00, 1.58913E+00, -1.31712E+00, 9.84211E-01, -1.96523E-01, -4.84779E-01, -1.62009E+00, 1.06369E-01, 6.84317E-01, -2.56742E+00, -1.09589E+00, 5.54862E-01, 8.74701E-01, -1.17862E+00, -2.05665E-01, 1.74470E-01, 1.19092E+00, -3.55281E+00, -2.14445E-01, -1.95456E-02, -7.78020E-01, 9.72370E-01, 9.17156E-01, 1.67128E-01, 4.37310E-01, -1.49448E+00, 3.42517E+00, -1.90337E-01, -4.01145E+00, -6.53216E-01, -5.95313E-01, -5.17399E-01, -5.62996E+00, 3.23640E+00, -1.05174E+00, 3.57636E-02, -7.51781E-01, 5.33693E-01, -5.92493E-01, 3.33793E-01, -1.32137E-02, 8.60300E-01, -4.85071E-01, 4.36134E-01, 4.35085E-01, -1.03983E+00, -1.99980E-01, 1.03184E+00, -1.01436E+00, 9.42101E-01, -1.68787E+00, 4.01721E-02, 9.07117E-02, -7.80045E-01, 6.77173E-01, 1.22199E+00, 5.32521E-01, 5.02480E-03, 1.78997E+00, 2.64753E+00, -3.00499E-01, 1.51956E-01, 1.75060E+00, 2.63296E+00, 8.03135E-01, 2.52218E-01, 1.03957E+00, -5.36301E-01, -7.25336E-01, 5.79024E-01, -4.41045E-01, -3.49763E-01, -1.10230E+00, -7.46068E-01, 5.38946E-01, -1.58151E+00, 2.34127E+00, -2.05472E+00, 6.91752E-01, -1.22066E+00, -3.91121E-01, 2.08897E-01, -1.38161E+00, -1.53683E+00, 9.28067E-01, -3.41504E-01, 6.10045E-01, -7.50016E-01, -2.22057E+00, 9.74904E-01, 1.63970E+00, 1.04797E+00, 1.33767E+00, 3.32820E-01, -9.63145E-01, -7.25079E-02, 1.43459E-01, 2.58139E-01, -1.53161E+00, 4.86952E-03, 4.22792E-01, 1.43173E+00, 4.78573E-01, 2.44522E-01, -1.11086E+00, 1.91049E+00, 1.78415E+00, 3.27150E-01, 3.85927E+00, -2.89178E-01, 4.26268E-01, 8.15130E-01, -8.01873E-01, 5.34034E-01, 2.01899E-01, 2.45548E-01, -6.96065E-02, -1.01009E+00, -2.74114E-01, -1.01345E+00, -2.69889E+00, 1.05990E+00, -1.01747E+00, -1.70062E+00, -2.56477E-01, 4.00632E-01, 7.26942E-01, 3.87639E-01, -2.47635E+00, -3.44273E-01, 3.14255E-01, -1.22483E+00, 5.39454E-01, 6.60973E-01, 9.11348E-01, -5.37391E-01, -1.60562E+00, 2.02057E+00, -3.26673E+00, 4.13637E-01, 1.68159E-01, -1.19492E+00, -6.06889E-01, -2.56653E-01, 8.57982E-01, -1.03986E+00, -1.00713E+00, 3.67983E+00, -9.85385E-01, -5.49252E-01, 1.86180E-01, -8.00090E-01, -3.72266E-01, -4.80524E-01, -1.96178E+00, -6.67662E-01, 1.14610E+00, 4.23179E-02, -4.07126E-01, 5.11289E-01, -7.29800E-01, -1.16269E+00, 3.48437E+00, -1.94424E-01, 2.88213E-01, 1.90507E-01, -1.51349E-01, 6.59277E-02, -1.28028E+00, -1.81916E-01, -6.41252E-01, -1.65587E+00, -4.32526E-01, 1.54305E+00, -7.10042E-02, 8.66990E-01, -6.56943E-01, -2.40865E+00, -7.38363E-01, -8.52921E-01, -3.22735E-01, 1.16531E+00, 2.68421E+00, 7.35774E-01, -1.15019E+00, -2.54931E-01, -1.76727E+00, -2.18711E-01, 2.02079E-01, -1.24935E-01, 9.90581E-01, -8.24850E-01, -5.20770E-01, 4.53583E-01, 9.03137E-01, 2.53510E+00, 7.85401E-01, 2.27987E-01, -2.92159E-01, 1.08912E-01, 5.60733E-02, 1.93380E+00, 2.73680E-02, 4.78444E-01, 1.56071E-01, -4.71890E-02, -4.18540E-01, -6.08525E-01, 2.94454E-01, 1.24776E+00, 2.57982E-01, 8.49702E-01, 1.14636E+00, 2.99175E+00, -1.14292E+00, -6.66724E-01, 1.68613E+00, 1.42076E-01, -1.83386E+00, 5.35124E-01, -5.85912E-01, 1.59974E+00, -2.12911E+00, 7.83223E-01, -2.96623E-01, -5.05721E-01, -1.11177E+00, 6.35851E-01, -8.88597E-02, -4.06797E-01, 2.34627E-01, 3.39942E-01, -2.18396E-01, -8.41716E-01, -1.32407E+00, 1.25514E+00, 6.60909E-01, -1.33448E-02, -7.68005E-01, 7.66211E-01, 1.14122E+00, 1.00685E+00, 7.06249E-02, -3.50032E-01, 1.69787E+00, 6.24162E-01, 3.18992E-01, 7.01065E-01, 1.27609E+00, 1.56237E-01, -9.65693E-02, -4.49394E-02, 3.55080E-01, -2.17112E+00, -7.14658E-01, -1.07183E+00, 1.07994E+00, 8.48214E-01, -1.79787E-01, 9.92136E-01, -7.54550E-01, 3.06515E+00, -1.63439E+00, -3.13576E+00, -4.96978E+00, -5.45713E-01, 2.97800E-01, -2.05644E+00, -1.10721E-01, -1.28257E+00, -7.82931E-01, 9.91665E-01, -1.26143E-01, -2.15428E+00, -8.34684E-01, -1.48752E+00, -8.49741E-02, -2.96861E-01, -7.82550E-01, 7.06293E-01, -1.84819E+00, 2.12871E+00, 7.17077E-01, 1.92459E-01, -5.25430E-01, 2.19704E+00, 6.75537E-01, 6.89503E-01, 1.61519E+00, -8.09611E-01, -4.47330E-01, -3.76502E-02, 1.04146E-02, 1.64651E+00, 1.17052E+00, 6.09002E-01, 6.11648E-01, -6.12178E-01, 8.81785E-01, -1.53147E-01, 1.77760E+00, -1.82901E+00, 2.64040E-01, 3.79120E+00, -2.24321E+00, -1.09410E+00, -4.45421E-01, -8.10801E-01, -8.00143E-01, -4.36485E-01, 6.91872E-01, 9.00730E-01, -9.29683E-01, 3.09569E-01, 1.31457E+00, 6.59642E-01, 5.44638E-01, -7.24632E-01, 3.74867E-01, 6.05543E-01, 3.20394E-01, 4.65212E-01, 2.16907E+00, 1.44887E+00, 8.64778E-02, 1.06483E+00, -1.91662E+00, -1.66343E-01, 2.07366E-01, 1.37145E+00, -1.02142E+00, -5.05676E-01, -2.54506E-01),