list(N=5.00000E+02, zero=c(0.00000E+00, 0.00000E+00), d=c(-8.49771E-02, 1.28150E-01, 6.19022E-01, 2.86661E-01, 2.73381E+00, -1.08559E+00, 3.64185E-02, 1.11081E-01, 3.33711E-01, -2.52985E-01, 8.95509E-01, -6.59661E-01, -9.32490E-01, 1.10202E+00, -7.51408E-01, -4.36530E-01, -6.04796E-01, 2.73607E+00, -2.88880E-01, 6.25688E-01, -1.00336E+00, 5.98775E-01, -5.67764E-01, -2.99293E-01, 2.31921E-01, -9.14679E-01, -1.74281E-01, -2.63469E-01, -1.78950E+00, -2.93735E+00, 3.92715E-02, -1.10027E+00, -2.75151E-01, -1.87822E+00, -2.67990E-01, 1.11594E+00, 3.02850E+00, 3.39178E-01, -2.48265E-01, -1.31854E+00, -9.05982E-01, 1.35946E+00, -2.54161E-01, -4.37888E-01, -4.10208E-01, 8.72124E-01, 4.05287E-01, -4.58743E-01, -8.73786E-01, -8.46924E+00, 2.40228E-01, -1.54132E+00, -7.38541E-01, 2.74884E-01, 1.63926E+00, 1.27654E+00, 8.73577E-01, -2.52763E+00, 1.30621E+00, 1.04116E+00, 5.16633E-01, -1.79544E-01, 3.62399E+00, 2.26314E+00, 1.83080E+00, 3.72972E-03, -5.95022E-01, -2.96204E-01, -2.52636E+00, -1.14859E-01, -1.01857E+00, -3.28985E+00, 4.50850E-01, -1.28427E+00, -8.87986E-01, 1.47831E+00, 3.41526E-01, 4.33884E-01, 4.19718E-01, 2.24159E+00, -2.26917E+00, -7.18354E-01, -3.67212E-01, -6.57253E-01, 1.11278E-01, -4.96171E-01, -8.44610E-01, 4.77100E-01, -2.86488E-01, -8.82613E-01, -1.80876E+00, 6.91335E-01, -8.40234E-01, -7.66296E-01, -1.86039E+00, 3.68840E+00, 3.33107E-02, 3.53171E-01, 1.68244E+00, -2.86656E+00, 2.77569E-01, -1.34428E+00, -3.41649E+00, 1.60495E+00, -6.85091E-01, 3.32154E-01, 7.51039E-01, -7.73847E-01, 1.08293E+00, -1.46834E+00, 6.67658E-01, -5.56689E-01, -1.50193E+00, 5.63617E-01, -1.92368E-01, -9.22278E-01, 1.71908E-01, -1.21681E+00, 5.13435E-01, 1.49816E+00, 6.28939E-01, -9.43527E-01, 5.13796E-01, 2.64194E+00, 6.04863E-01, -1.23373E+00, 7.30635E-01, 2.52557E-01, 1.92625E+00, 7.01500E-01, -1.43147E+00, 6.57002E-01, 5.90000E-01, 3.29462E+00, -9.04150E-01, 6.50847E-01, -1.83810E+00, 3.14774E-01, -7.58553E-01, 7.00453E-02, -1.03676E+00, 3.27941E-01, -2.39335E-01, 2.35363E+00, 6.64573E-01, -1.94457E+00, 2.62871E-01, -7.23902E-01, -8.47243E-01, 1.13130E+00, -3.31156E-01, -8.45068E-01, 2.65178E+00, 4.73014E-01, 7.09709E-02, -4.87133E-01, 9.67832E-01, 1.91348E-01, -3.23304E-01, -5.58378E-01, -1.61944E+00, 1.42059E+00, 2.75128E+00, 2.64219E-01, 2.22014E-01, -4.37398E-01, 4.78501E-01, 8.47747E-01, 1.55040E+00, 5.79487E-01, -1.20114E+00, 7.46111E-01, -9.65603E-01, 4.19819E-01, -6.28709E-01, -1.30545E-01, 8.26048E-01, 5.13478E-01, 1.96797E-01, 4.04835E-01, 6.93827E-01, -6.25961E-01, -1.39330E-01, -4.47756E-01, 1.20848E+00, 1.26006E+00, -1.05378E+00, 2.07097E+00, 5.96428E-01, 3.45062E-01, 1.79716E-01, -2.64937E-01, -1.93531E+00, 3.81058E+00, 7.99881E-01, 6.84472E-02, 1.01618E-01, -1.22035E+00, -1.73711E-01, -2.70267E+00, 1.84781E-02, -1.17327E-01, -7.34662E-02, 5.13049E-01, 4.83275E-01, 1.13603E+00, -1.07452E+00, 4.52124E-01, 2.01497E-01, -5.17587E-01, -1.05362E-01, 6.89548E-01, -8.80502E-01, -1.51338E+00, 3.50819E-01, 4.97492E+00, -1.18441E+00, 6.31672E-01, 4.69988E-01, 6.52235E-01, 1.90526E-01, -7.50279E-01, 7.84944E-01, 5.41343E-02, -1.49608E+00, -9.18158E-02, 1.71048E-01, -5.50511E-01, -1.02322E+00, -1.16164E-01, 2.12281E+00, 3.67164E-01, -5.17004E-01, -1.46576E+00, 7.18750E-01, 5.51478E-01, -1.05399E+00, 2.69685E-01, -1.13078E+00, 1.03494E+00, 4.94868E-01, 1.47587E+00, -1.53721E+00, -2.81836E+00, -3.43958E+00, -1.55778E+00, 1.21987E-01, -3.49491E-01, -1.57761E+00, -3.77752E-02, -9.25407E-02, 9.87513E-01, -2.51485E-01, -2.61349E-01, -1.23461E+00, 2.60297E+00, -2.89233E-01, 6.31670E-01, 1.00094E-01, -5.30887E-01, 1.62333E+00, -6.21286E-01, 5.17143E-01, 2.00546E-03, -2.67190E+00, -1.04235E+00, 4.14378E+00, -9.87067E-01, 2.74484E-01, 9.86732E-02, 1.29748E+00, 1.11461E+00, -1.71983E+00, 1.14363E+00, -2.10612E-02, 1.57986E+00, -4.93164E-01, 1.46118E-01, -9.39074E-01, -4.70939E-02, 4.14038E-01, 3.04636E-01, 9.79001E-01, -1.95570E-01, -4.21068E-01, -1.63564E+00, -1.30214E+00, -5.58252E-02, -3.58063E+00, 2.65339E-01, 6.20603E-01, -6.35887E-01, 6.68702E-01, -2.62268E+00, -7.25480E-02, 8.43366E-02, -2.18736E+00, -2.19293E+00, -1.84172E+00, 2.68156E+00, 1.74575E-01, -1.52718E+00, 9.70899E-01, 2.48993E-01, 1.26685E+00, -2.38083E+00, 2.26048E+00, 6.59404E-01, -8.50954E-01, 9.02323E-01, -8.60897E-01, 7.51623E-01, -1.57288E-01, 7.08610E-01, -8.76510E-01, -1.62821E+00, -2.89963E+00, -5.34373E-01, -3.15167E+00, -1.00347E+00, -4.63614E-01, 7.52888E-01, -3.97010E-02, 1.40740E+00, 4.67270E-01, -2.52911E+00, 2.58467E+00, 5.98021E-01, -1.18694E+00, 2.21216E+00, 1.84948E+00, -1.70279E+00, 1.93533E+00, -1.63715E-01, -3.10583E-01, -7.86091E-01, 1.31123E+00, -9.97250E-01, 1.73545E+00, 9.51143E-01, 1.57946E+00, 1.26575E+00, -1.09685E+00, -1.27366E+00, -1.34624E+00, -2.41148E-01, -2.51306E-01, 9.89587E-02, -1.49410E+00, -1.49803E+00, -1.17298E+00, -6.12511E-01, 1.22139E+00, -1.16511E-01, -3.22100E-01, 2.08249E-01, 2.54691E-01, 4.46159E-01, -1.25793E+00, -6.44190E-01, -3.36674E-01, 2.35999E+00, 2.59954E-01, -8.82040E-01, -1.48868E+00, 9.66013E-01, 1.05243E+00, 2.67605E+00, 1.66432E+00, -7.61070E-01, 4.93893E+00, 1.37669E+00, -2.08419E-01, 8.28393E-01, -1.41451E-01, -1.86014E+00, -1.00812E+00, -2.76393E+00, -6.21504E-01, -1.23881E+00, -6.58968E-01, -7.24018E-01, -1.93693E-01, 2.59830E-01, -3.36185E-01, 1.50779E+00, -4.43004E-01, 1.22274E-02, 2.22743E-01, 3.10999E-01, 9.11225E-01, 9.13631E-01, 5.47681E-01, -9.13501E-02, 4.77677E-02, 8.41568E-01, 6.32617E-01, 2.28405E-01, 2.26868E-01, -1.82872E+00, 2.26296E+00, 9.60480E-01, 8.99474E-02, 1.54521E+00, 1.02772E+00, 1.79999E+00, 4.28858E-01, 1.27465E+00, -1.61950E+00, -1.37637E+00, 4.88786E-01, -1.09940E+00, -3.94472E-01, -2.35585E+00, -1.33901E-01, -1.84366E+00, 3.77049E-01, -8.20773E-01, 1.89926E-01, -1.24925E-01, 1.94028E+00, 8.46292E-01, 7.99060E-01, -4.49083E-01, -1.83135E-01, -1.34041E+00, 2.83076E+00, -1.83519E-01, -1.44460E+00, 2.59653E-01, -2.34987E-01, 1.53197E+00, 1.76387E+00, 5.81145E-01, 1.59296E+00, 1.77591E-01, 8.63133E-01, -5.42168E-01, 3.54489E-01, 6.60127E-01, 7.15499E-01, -1.51715E+00, -2.85497E-01, -1.01149E+00, 1.15489E+00, -6.87614E-01, 1.59842E+00, -6.80107E-01, 1.71421E+00, 7.02886E-01, -4.23680E+00, 6.18277E-01, -9.80330E-01, -1.16646E+00, 1.31000E-01, 5.41413E-01, 1.43702E+00, 2.07342E+00, -6.12104E-02, 2.14948E+00, -3.04813E-01, 6.92836E-01, 1.92963E-01, -4.41029E-01, -1.26993E-01, -2.22628E+00, -1.02011E+00, 7.20473E-01, -5.78701E-01, -3.45891E-01, -1.48477E+00, -1.09893E+00, 3.60110E+00, -3.99824E-01, -5.57053E-01, -1.80976E+00, -1.24256E+00, 1.07637E+00, 7.07865E-01, 1.93269E+00, -2.44212E+00, 4.55033E-01, 1.15124E+00, 1.84622E-01, 3.61295E-01, 8.11260E-01, -2.64275E-01, -1.67100E+00, -9.15468E-01, -1.16807E+00, 1.06964E-01, 8.27297E-01, 3.79191E-01, -6.41424E-01, 3.02893E-01, -1.06866E+00, 3.89967E-01, -5.86135E-01, 1.69044E-01, -1.13276E+00),