list(N=5.00000E+02, zero=c(0.00000E+00, 0.00000E+00), d=c(-5.14758E+00, -4.77159E-01, -1.60137E+00, -3.28426E+00, 1.60534E-01, 1.59225E+00, 1.48437E+00, -9.16587E-01, -1.20612E+00, -8.97277E-01, 5.10074E-01, 9.57880E-01, 1.09322E+00, 1.32043E+00, -3.16811E-01, 2.31898E+00, 1.93577E+00, -3.66088E-03, 1.50578E-01, 1.40229E+00, 4.44957E-02, 1.51271E+00, 3.32608E-01, -1.27027E-01, 4.22590E-01, -1.18446E+00, -1.58483E+00, 1.42468E+00, 3.56775E-01, -7.51830E-01, 2.73156E-01, -1.84214E+00, 1.22471E-01, 1.85610E+00, 1.88574E+00, 8.72993E-01, -2.40524E-01, -6.45322E-02, 2.60454E-01, 7.43437E-01, -2.11213E+00, 8.22775E-01, 1.02542E+00, 1.42631E-01, 6.48740E-01, 1.50249E-01, 4.55690E-02, -8.95412E-01, 1.66643E+00, -6.54946E-01, 2.27529E-01, -1.83735E+00, 7.44673E-01, -2.62664E+00, 1.55465E-01, -5.31276E-01, 6.24386E-01, -3.84664E-02, -1.78241E+00, -1.33566E+00, -6.16941E-01, -3.19082E-01, 1.24626E+00, 2.89315E+00, -6.04120E-02, -5.98457E-01, 1.41779E+00, 1.65416E-01, 7.12971E-01, -8.16041E-01, 1.39054E-01, 2.26510E+00, 4.24910E-01, -3.21355E+00, -6.77967E-01, -1.59239E+00, 5.78023E-01, -3.00984E+00, 8.27382E-01, 4.02839E-03, -2.74748E-01, 1.08947E+00, 1.14767E+00, 3.84065E-01, 1.77703E+00, 1.31312E+00, -2.64448E+00, 6.85980E-01, -3.16843E-02, 3.13906E-01, -1.46324E+00, -1.42233E-01, 7.40811E-01, -7.06330E-02, 1.56497E-01, 1.02636E-01, -1.71810E+00, -5.87685E-01, 7.89357E-01, -7.28742E-01, -1.39640E+00, 7.07937E-01, 1.72586E-01, -1.16582E+00, 1.77745E+00, -8.97586E-01, -2.66647E-02, -6.69122E-01, -3.19524E+00, 2.23269E-01, -8.77072E-01, -3.18313E-01, 1.85588E+00, 1.14722E+00, 1.27534E+00, -2.44371E+00, -3.67582E-01, -1.00079E+00, 7.91218E-01, 1.68530E+00, -6.38899E-01, 8.12329E-01, 1.98380E+00, -6.54074E-01, 3.18544E-01, 3.00449E+00, 2.92291E-01, -2.48809E+00, -2.92466E-01, 1.12997E+00, 1.17487E+00, 4.85069E+00, -2.85414E-01, 1.99948E-01, -5.02018E+00, 1.38178E+00, -1.14880E+00, 1.42710E+00, 3.09768E-01, -1.02637E-01, -2.12577E+00, 9.29132E-01, -9.81979E-01, 3.20545E+00, 2.47394E+00, -4.00917E-01, -2.28439E-02, 6.09579E-02, -9.10551E-02, 1.03725E-02, 6.23831E-01, -3.47549E-01, 1.88298E+00, 8.72738E-01, -8.17963E-01, 1.49246E-01, 8.47186E-01, -1.39523E+00, 9.62758E-01, -2.30257E-02, 4.32891E-01, 3.08489E-01, 9.57778E-01, 5.50741E-02, -4.40215E-01, 1.58895E-01, 4.24062E-01, 1.89884E+00, -2.74260E+00, 9.97545E-01, 4.52385E-01, -2.48194E+00, 3.95287E+00, -2.04562E-01, 6.13677E-01, 5.66893E-01, -7.82714E-01, -1.54760E+00, 7.53039E-01, -1.00088E+00, -5.46535E-01, -1.29143E+00, -6.57566E-01, 2.19549E+00, 1.23660E+00, 1.13756E+00, 2.63245E-01, -9.28066E-02, -1.98658E-01, 9.24061E-01, -3.10040E+00, 6.39699E-01, 5.03371E-01, 2.22237E-01, -6.52695E-01, -1.43539E+00, 4.79693E-01, 1.43389E+00, 4.38997E-01, 3.51218E-01, 2.19470E-01, 1.43403E+00, 6.75693E-01, -5.45605E-01, 2.06680E-01, -2.51556E+00, 3.13653E-02, 1.11728E+00, 7.53531E-01, -1.83472E+00, 2.97046E+00, -5.42380E-02, -7.24613E-01, 1.41354E+00, -2.36963E-01, 2.02540E+00, 9.12297E-01, 7.29905E-01, -3.94214E+00, 2.19829E-01, 1.61364E+00, 9.92707E-01, 7.04520E-01, 5.46941E-01, -9.38207E-01, -3.77112E-01, -2.24526E-02, 1.18450E+00, -1.70398E-01, 8.68609E-01, 8.07571E-01, -3.44268E-01, 1.74990E+00, -8.37518E-01, 1.25480E+00, 4.67433E+00, 1.06272E-01, 1.68485E+00, 7.06797E-01, 3.36229E-02, 8.27091E-01, 1.70546E+00, 1.09298E+00, -9.75704E-01, -4.77517E-01, 4.32497E-01, 4.62883E-01, -1.91787E+00, -1.18413E+00, -2.18096E+00, -9.30395E-01, 2.60038E-01, -1.71837E+00, -9.33656E-01, 1.82347E+00, 7.48993E-01, 1.99436E+00, -1.64475E+00, 3.91335E-01, 3.25008E+00, -1.62103E+00, 1.61252E+00, 1.25143E+00, -2.66065E-01, -6.36423E-01, -7.03822E-02, 2.72458E+00, -1.34740E+00, -3.00855E+00, -5.57309E-02, 4.47648E-01, -3.12890E-01, -6.87867E-02, 9.72049E-01, -4.54923E+00, -6.53600E-01, -9.70006E-01, 1.63532E+00, -9.31941E-01, -7.06181E-01, 7.87604E-01, 7.41048E-01, 2.33871E-01, -1.53836E+00, -2.13468E-01, 2.53305E+00, 4.03973E-01, 1.23620E+00, -1.64688E+00, -7.31479E-01, 6.52290E-02, -1.86191E+00, 7.12503E-01, 8.26943E-01, -6.70230E-01, -3.13791E+00, 9.59572E-01, 2.97581E-01, -1.15111E+00, -2.34793E+00, 3.30768E-01, 1.95105E+00, -9.21963E-01, -1.27346E+00, 1.60484E+00, -8.93854E-01, 6.96761E-01, 5.53417E-01, -4.04791E-01, -1.42255E-01, 5.37623E-02, -2.77719E+00, 3.43958E-01, -1.11146E+00, 5.29413E-01, -2.82930E-01, -1.90775E+00, 6.57683E-01, -2.25826E+00, -1.98339E-01, 4.43302E-02, 2.91976E+00, -1.70295E+00, -4.72680E-01, 1.23100E+00, -2.76984E+00, -1.09003E+00, -1.15357E+00, 1.31110E+00, -1.53885E+00, -2.29930E-01, 1.30949E+00, 9.66948E-01, 1.35985E+00, 3.61318E-01, 3.78064E-01, -1.13804E+00, 1.45477E+00, -8.07447E-01, 1.36943E+00, 6.72929E-01, -6.19271E-01, -2.77686E+00, 1.51750E-01, -1.53529E-01, -3.55394E-02, 1.65016E-01, 2.26860E-01, -1.03875E+00, 1.19738E-01, 8.66071E-01, -3.17574E-01, -1.28234E+00, 4.17620E-01, 1.78982E+00, -4.10332E-01, -1.35651E+00, -1.02597E+00, -2.22112E-02, -1.76152E+00, -2.67144E-01, -6.21509E-01, -8.17791E-01, 1.38704E+00, -6.82143E-01, 5.41835E-01, 2.38643E-01, -6.55150E-01, 4.36558E-03, -3.28492E-01, 4.31850E-01, 1.17441E+00, 4.47424E-01, -9.46582E-02, 7.93832E-01, 1.65386E+00, 6.27400E-01, -1.84713E-02, 2.19753E+00, 9.39306E-01, 9.24866E-01, -9.74108E-01, -3.26813E-01, -6.62353E-01, -2.53417E+00, 9.54501E-01, -1.70396E-01, -3.02377E-01, -3.72815E-01, 1.09711E+00, 1.21524E+00, 9.10890E-01, -4.22727E-01, -1.45353E+00, -8.52460E-02, 1.57410E+00, -2.83281E+00, -2.77317E-01, 9.46045E-02, -4.93204E-01, 1.35511E+00, -8.07750E-01, -1.24848E+00, 1.49875E+00, 8.82055E-01, -1.27067E+00, 3.32267E-01, 6.96309E-01, -3.43497E-01, 1.43882E+00, -4.18205E-01, 1.98408E-01, -2.38115E-01, -1.81285E+00, -4.54808E-01, -9.86223E-01, 3.08420E-02, 1.04678E+00, -1.46384E+00, -2.86294E-01, 2.00636E+00, 2.14503E+00, 6.33004E-01, 2.04376E-02, -1.53449E+00, -8.53434E-01, 2.25203E+00, 9.65285E-01, 2.22032E-02, 1.19862E+00, 1.20151E+00, 8.93435E-02, -5.87139E-01, 2.84828E-01, 1.63403E+00, 4.64830E-01, 1.30375E+00, 1.38982E+00, 1.19757E+00, 9.31911E-01, -1.99196E-02, -1.88445E+00, -2.79016E-01, -8.20930E-02, -5.92977E-01, 9.12813E-01, 1.30771E+00, 2.04406E+00, -1.76106E-01, 2.10660E-01, -1.44387E+00, 1.08964E+00, -6.94926E-01, 2.43512E+00, 9.57104E-01, 1.56143E+00, 1.12308E+00, 2.59380E-01, -6.41445E-01, -1.03197E+00, -3.62141E-01, 8.57731E-02, -2.14254E-02, 2.82970E-01, -1.91612E+00, -1.26536E+00, -8.66453E-01, -1.16636E+00, 3.38987E-01, 4.65727E-01, -8.58459E-01, 5.94231E-01, 1.24421E+00, -5.13377E-01, 1.12196E+00, -3.82481E-01, 9.82364E-01, -4.45168E-01, -1.26369E+00, -1.18943E-01, -5.58987E-01, 4.64441E+00, -4.32116E-01, 2.76726E-01, 1.49839E+00, 1.64740E+00, 6.90911E-02, 7.86102E-01, 4.70084E-01, -1.55662E+00, -6.41140E-01, 1.15541E+00, 1.40529E+00, -7.88720E-01, 1.69796E+00, 2.07710E+00, 2.87749E-01, 2.83175E-01, 3.18869E-01, -1.37949E+00),