list(N=5.00000E+02, zero=c(0.00000E+00, 0.00000E+00), d=c(-4.87652E-01, -7.99743E-01, -1.15710E+00, 5.24663E-01, -1.20653E+00, 8.57907E-01, -3.22402E-01, -2.87446E+00, 6.43539E-01, -1.47359E+00, -4.40058E-01, -2.30539E-01, -3.69831E-02, 9.56423E-02, -4.00609E-01, -2.46670E+00, 9.73733E-02, 1.03428E+00, 3.56837E-01, -5.34856E-01, -5.21650E-01, -7.81259E-01, -1.07478E+00, 1.46894E-01, -9.01777E-01, 1.23836E+00, 9.58033E-01, -1.24531E+00, 1.64896E-01, -1.48361E+00, -1.64743E-01, -8.58295E-01, -1.05835E+00, 3.23166E-01, 7.14891E-01, -1.03711E+00, 3.01817E-01, -6.47322E-01, 2.90134E-01, -1.03422E+00, 4.60902E-01, -2.95452E+00, -4.60733E-01, -1.27412E+00, -4.85407E-01, 1.05154E-01, 4.24019E-01, 1.49303E+00, -1.44655E+00, 6.25453E-01, 1.02386E+00, 1.43291E+00, 1.09617E+00, 2.97956E-01, 2.44402E+00, -6.06906E-01, 9.01497E-01, 1.33878E+00, -8.85325E-01, -1.38442E+00, 2.45846E-01, -8.18749E-01, 4.53533E-01, -9.61483E-01, -3.82872E-01, 7.95629E-02, 3.72351E-01, 7.34898E-01, -1.49520E+00, -3.78128E-02, 5.54931E-01, 2.50579E-01, 1.94242E+00, -3.24208E+00, -1.78458E+00, -2.26782E-01, 2.70078E-01, -2.86138E-01, -6.48133E-01, 1.38669E+00, -5.31555E-01, 1.78382E-01, 2.76258E-01, 1.28164E+00, 1.99771E+00, -1.07041E+00, -6.93198E-01, 2.03285E+00, 1.07863E+00, 1.51392E-01, 5.03885E-01, -9.19658E-01, -2.89016E-01, 3.93727E-01, 1.40475E+00, 8.74073E-01, 1.43766E-01, -1.57700E+00, -1.17473E-01, -1.45452E+00, -1.21624E+00, -1.38508E-01, -1.27835E+00, -9.33165E-01, -6.32224E-02, -7.22965E-01, 8.91462E-01, -3.05511E-01, 7.23274E-01, -2.22933E-01, -4.81437E-01, 5.97431E-01, -1.59897E+00, 1.34239E+00, -2.26868E+00, 1.62220E+00, -2.38642E-01, -3.03173E-01, 2.31240E-01, 1.39129E+00, -1.08625E-02, -1.88891E+00, 5.95091E-01, -8.46150E-01, -1.67109E+00, 2.01190E-01, 1.25845E+00, 3.34934E-01, -1.89687E-01, -8.54644E-02, -1.30273E+00, 1.10855E-01, -4.00911E-01, 3.72416E-01, -2.79795E+00, -3.82121E+00, -2.85154E-01, 8.92504E-02, 3.20729E-01, 5.17323E-01, -1.11249E-01, 4.37133E-01, -6.32937E-01, -1.09505E+00, 1.91162E+00, 5.87422E-01, -1.18672E-02, 2.15556E+00, -3.06616E-01, -7.23956E-01, 1.75547E-01, -2.70759E-01, -4.48273E-02, 2.49170E+00, 8.93089E-01, -1.11075E+00, -2.91002E+00, 8.70217E-01, 9.34086E-01, -6.57512E-01, -6.76976E-01, 1.61834E+00, -5.89376E-01, -7.88442E-01, -6.00485E-01, -1.75767E+00, 1.80074E+00, 1.37898E+00, 1.91216E+00, -6.00982E-01, 8.45922E-01, -2.31130E+00, 6.53229E-01, 2.33091E+00, -2.21774E-01, 1.15148E+00, 2.18080E-01, -5.38221E-01, 2.46975E-01, -9.39457E-01, 6.16352E-01, -5.65288E-01, 4.24598E-01, 4.94660E-01, -5.91217E-01, 3.51978E-01, -2.07556E+00, 5.61750E-01, 5.12293E-01, 1.78001E+00, -3.86365E-01, 2.07819E-01, 1.53530E+00, 7.80712E-01, -1.75586E-02, 7.98026E-01, 3.74213E-01, -9.01531E-01, 6.39636E-01, -1.93804E-01, 6.98951E-02, 1.42863E-01, -8.89191E-01, -7.64872E-01, -1.18118E+00, 8.70263E-01, 9.55789E-01, -4.81654E-02, 2.51016E+00, -2.46629E-01, 3.16556E+00, 3.63498E-01, -8.06779E-01, 1.63443E+00, -1.78995E+00, 2.57468E+00, -1.78107E+00, -5.95101E-01, 4.20733E-01, 6.48606E-01, 4.85584E-01, 2.42777E+00, 8.47461E-02, 4.92375E-01, 1.23151E+00, 6.57960E-01, 2.10010E-01, -4.37219E-02, 8.05447E-01, 3.90165E-01, -8.66414E-01, 6.65073E-01, -1.97331E+00, -9.04403E-01, -8.14249E-02, -8.66292E-01, 9.12254E-01, -8.06201E-01, 1.42287E+00, -1.15795E+00, -1.40776E+00, -6.64404E-01, 5.88189E-01, -2.22386E-01, 1.23289E+00, -4.33803E+00, 8.67274E-01, 2.09642E-01, -1.73050E+00, -2.63484E+00, -6.19515E-01, 1.68622E+00, -1.33350E+00, -2.64199E-01, 1.17785E-01, 1.03862E+00, 5.17273E-01, 4.73414E-01, 7.93716E-01, 9.42078E-01, 3.83948E+00, 3.99706E-01, -6.15811E-01, 5.57114E-02, 1.40928E-01, -5.76733E-01, 1.33308E+00, -1.75283E+00, 1.81767E+00, 2.90533E+00, -6.85115E-01, -7.88399E-01, 4.95380E+00, -1.91861E+00, -5.92331E-01, -2.07530E+00, 5.31013E-01, 2.60478E-01, 7.32701E-01, 4.13521E-01, -1.29412E-03, -5.28559E-01, 3.26636E-02, -1.77665E+00, -1.01334E+00, -2.59872E+00, -1.06935E+00, 6.87305E-01, -1.72808E-01, -3.91336E-02, -6.84582E-01, -5.35674E-01, -5.42626E-01, -3.46614E-02, -1.12176E+00, 1.57802E+00, -3.68676E-02, 1.36514E+00, -1.56075E+00, 1.77166E-01, -1.21965E+00, -2.12272E-01, -1.13344E+00, -1.13748E+00, 1.18948E-01, 4.98002E-01, 1.44656E+00, 4.40468E+00, 2.65780E+00, 2.36250E-01, 5.00271E-02, 1.60492E-01, 5.33243E-01, -1.06656E+00, -5.52159E-01, -1.72328E-01, 1.26089E+00, -1.46862E+00, -4.77731E-01, 1.66079E-01, -4.25668E-01, -7.54974E-01, 4.39162E+00, -5.83981E-02, 1.39132E+00, -9.69087E-01, -1.21579E-01, -8.83198E-01, -3.00679E+00, -6.29577E-01, 8.56929E-01, -3.87054E-01, 6.45074E-01, 2.86751E+00, -6.28694E-02, -1.37936E+00, -8.86015E-01, 1.17051E+00, -3.73705E-01, 1.95046E-02, 2.59324E-02, -1.61334E+00, -8.83451E-01, -5.07638E-01, -2.07191E+00, -3.20363E-01, -4.59989E+00, 3.05452E-01, 4.57496E-01, 6.76250E-01, -4.83283E-01, -5.57515E-02, 1.09692E+00, 7.97640E-01, -1.77997E+00, -6.47604E-02, -4.13132E-01, 9.15970E-01, 2.65181E-01, -1.04644E+00, -1.89596E+00, -1.33321E-01, -1.76957E-01, 1.33832E+00, -9.10383E-01, -1.58990E+00, -8.06641E-01, 7.91027E-01, 1.56365E+00, 2.29254E-03, -3.75123E-01, -1.88371E+00, -1.69381E+00, 6.03836E-01, 2.19991E+00, 9.19080E-01, 2.35135E-01, -1.53349E+00, 8.27105E-02, 1.49842E-02, -2.79478E-01, -5.84081E-01, 1.39278E+00, -1.12060E+00, 2.77668E+00, 2.52267E-01, 1.10070E+00, -1.99890E+00, 1.13630E-01, 6.44394E-01, -4.19532E-01, 3.51553E+00, 1.70059E-01, 7.92275E-01, -8.77602E-01, 2.07229E+00, -1.84932E+00, -1.82444E-01, -1.62956E+00, 2.24031E-02, -9.77679E-01, 9.17067E-01, 7.18758E-01, -1.13420E+00, 3.45791E-01, -4.35291E-01, -1.21190E-01, 1.02937E+00, -6.06322E-01, -2.58323E+00, 5.08881E-01, -7.10155E-01, -1.44631E+00, 1.11597E-01, -1.00900E-02, -4.72287E-01, -3.52227E-01, -9.09808E-01, 8.91504E-01, 1.81199E-01, -7.75503E-01, 4.53266E-01, -1.12229E+00, -2.00282E-01, 3.12898E+00, 2.77082E-01, 3.45943E+00, 5.08412E-01, -1.34091E+00, 2.15436E-01, -1.24030E-01, -2.38893E+00, -7.20260E-01, 3.85803E-01, 1.14939E+00, 3.21551E-01, 3.30009E-01, 8.73385E-02, 1.70111E+00, -1.08801E+00, -1.18187E-01, 9.72733E-01, 1.35291E+00, 8.80482E-01, -5.74136E-01, -5.03336E-01, -1.28141E+00, -1.74838E-01, -3.11720E+00, 1.17992E+00, -1.99431E+00, 1.41887E+00, 5.56660E-02, -2.28794E-01, -5.05315E-01, 1.65697E+00, -5.56147E-01, -1.01250E+00, -3.62466E-01, 1.11105E+00, 5.61346E-01, -1.30714E-01, -3.27270E-01, 1.87216E+00, -6.46233E-01, 1.14471E+00, -5.14416E-02, -8.28708E-01, 9.84516E-01, -3.42591E-01, -2.17939E+00, -1.64254E+00, -4.67077E-01, -9.62149E-01, -3.87230E+00, 2.07145E-01, -3.43559E+00, -1.27930E+00, 1.80482E-01, 5.29420E-01, 1.13245E+00, -2.40113E+00, 1.38780E+00, -2.65433E+00, 1.92922E-01, -9.86935E-01, -2.02577E-02, -5.77156E-01, 8.73400E-02, -3.62530E-01, 2.87826E+00, 1.41287E+00, 7.24432E-01, -4.08925E+00, 9.47647E-01, 2.57545E-01, 9.68512E-01, 6.34802E-01, 9.62372E-02, -1.52447E+00),