list(u=c(1.00000E+00, 1.00000E+00, 1.00000E+00, 1.00000E+00, 1.00000E+00, 1.00000E+00, 1.00000E+00, 1.00000E+00, 1.00000E+00), lam=c(1.00000E+00, 1.00000E+00, 1.00000E+00, 1.00000E+00, 1.00000E+00, 1.00000E+00), b=1.00000E+00, a=c(1.00000E+00, 1.00000E+00, 1.00000E+00, 1.00000E+00, 1.00000E+00, 1.00000E+00, 1.00000E+00, 1.00000E+00, 1.00000E+00), gam=c(1.00000E+00, 1.00000E+00, 1.00000E+00, 1.00000E+00), psi=c(2.00000E+00, 2.00000E+00, 2.00000E+00, 2.00000E+00, 2.00000E+00, 2.00000E+00, 2.00000E+00, 2.00000E+00, 2.00000E+00), psd=2.00000E+00, phi= structure(.Data= c(2.00000E+00, 0.00000E+00, 0.00000E+00, 2.00000E+00), .Dim=c(2, 2)))
