list(N=5.00000E+02, zero=c(0.00000E+00, 0.00000E+00), d=c(1.16480E+00, -2.00157E+00, -9.93728E-01, -1.32645E+00, 1.33129E+00, -7.88034E-01, -6.41820E-01, -8.79276E-01, -5.19574E-01, -2.77161E+00, -9.08695E-03, 5.13451E-01, 1.23285E+00, -6.58993E-02, 1.73414E-01, 4.97095E-01, 1.23739E+00, -5.27883E-02, -2.06401E+00, -9.14966E-01, -8.15982E-01, 8.83210E-02, 1.82898E+00, 2.11423E-01, 2.34564E+00, 1.66695E+00, 3.72422E-01, -3.72795E-01, -5.07578E-02, -9.38599E-01, 2.75381E-01, 8.34151E-02, 1.29736E+00, 1.72763E+00, -4.30801E-01, -8.30093E-01, 2.52699E-01, -4.21802E-01, -1.64500E+00, -4.06270E-01, 1.54735E+00, -6.71341E-01, 1.25298E+00, -1.61784E+00, -1.18241E+00, 6.67967E-01, 1.52223E-01, -7.75777E-01, 8.25185E-02, -1.81167E-01, -4.31746E-01, -4.76931E-01, -6.85428E-02, -1.60818E+00, 1.82633E+00, 4.19726E-01, -6.13110E-02, 3.64571E-01, 1.36793E+00, -4.97397E-01, -2.58128E-01, 3.53715E-01, -9.44106E-01, -7.55872E-01, 5.66457E-02, -3.23661E-01, 2.01966E+00, 2.03269E+00, 1.26757E+00, 2.05331E-01, -5.16820E-01, 1.07840E+00, -3.49270E+00, 1.36091E-01, -6.59184E-01, 5.49521E-02, -1.49966E+00, -1.31006E+00, 7.56127E-03, 4.03688E-01, 1.54047E+00, 6.11073E-01, -3.93737E-01, -1.45427E+00, 2.55980E+00, -6.84725E-02, 7.29937E-01, 3.14651E+00, 1.45748E+00, -2.18305E-01, -8.48599E-01, 1.03566E+00, -6.38622E-01, 1.01300E+00, 2.37369E-01, -2.09857E+00, 3.56102E+00, 1.31593E+00, 1.09629E-01, -1.66434E+00, 7.28711E-02, 1.00674E+00, -8.10066E-01, 3.08771E-01, -1.93242E+00, -5.19287E-01, 5.21665E-02, 2.02649E+00, 3.61412E-01, -4.23593E-01, -3.01659E-01, -1.25953E+00, -1.01804E+00, -1.00508E-01, -3.95421E-01, -1.87755E+00, 1.93904E+00, -8.26956E-02, 4.61280E-01, 1.70115E+00, -3.06303E-01, 1.57314E+00, 1.94250E+00, -2.32864E-01, 6.40125E-01, 1.67353E+00, 2.44291E-01, -1.76995E+00, 1.05426E+00, -7.71259E-01, 1.19858E+00, 4.68969E-01, -1.57045E-01, 4.65236E-02, -3.33654E-01, 5.93973E-01, 1.32720E+00, -1.76701E+00, -5.20530E-01, 4.17751E+00, -6.07923E-01, -1.18878E-02, -1.35632E-01, -1.11243E-01, -2.26092E+00, 8.07037E-01, -1.07133E+00, -6.22755E-01, -1.27182E+00, -2.89243E-01, -1.17709E+00, 7.88515E-02, 2.38546E-01, 9.74571E-01, -2.11637E+00, 9.58563E-01, 3.10991E-01, -8.13267E-01, -1.22468E+00, 1.69750E+00, 1.61792E-01, -2.02508E+00, 2.12773E-01, -2.12622E+00, 4.60526E-01, 7.68705E-01, 2.56703E-01, -1.05678E+00, -4.78775E+00, 4.26325E-01, -6.93012E-02, 1.20342E+00, -7.52403E-01, -3.34620E-01, 1.45491E+00, -4.09681E-01, 1.63149E-01, 1.63725E+00, -1.04725E+00, -1.74991E+00, -9.89480E-02, 2.91857E-01, -2.99491E+00, -1.05543E+00, -8.72259E-01, 9.85451E-02, 1.04080E+00, -6.69905E-02, -7.46589E-01, -2.56378E-01, -2.95830E-01, -3.35334E-01, 2.18738E-01, 7.41726E-02, -7.58776E-01, -1.30365E+00, -4.83504E-01, -3.68985E-01, 3.80272E-01, -3.26339E-02, -2.62107E+00, 3.38170E-01, -5.75897E-01, 4.34421E-01, -7.19059E-01, 5.32826E-01, -5.46516E-01, -2.57545E+00, 1.31756E+00, -8.61284E-01, -1.09435E+00, 9.29997E-02, -3.12604E+00, 2.17645E-02, 1.81822E+00, 1.74969E+00, -2.20714E-01, 7.79797E-01, 2.20982E+00, 4.63826E-01, -8.00907E-01, 2.17286E+00, -4.02340E-01, -6.42033E-01, 3.50245E-01, 1.94818E+00, -2.34043E-01, -1.20820E-01, 3.23629E-01, -6.26750E+00, 2.78470E-01, 5.35426E-01, -4.48407E-01, 2.49347E+00, 1.73901E-01, -1.40957E-01, -3.59621E-02, -2.21582E+00, -4.93078E-01, -1.31308E+00, 1.33647E+00, -1.90444E-01, -7.00927E-01, -2.16813E+00, -4.43306E-01, -1.02931E+00, -1.48370E+00, 8.52569E-01, 9.96396E-01, -1.04293E+00, 2.77332E+00, -1.28527E-01, 2.11099E+00, -1.21820E+00, -3.78851E-01, 2.41335E+00, -7.47387E-01, 7.68931E-01, 1.03574E+00, -2.71328E+00, 2.13151E+00, 2.45424E+00, 2.01577E+00, -1.41312E+00, -5.78265E-01, 5.69980E-01, 1.76622E-01, 9.90592E-01, 1.62176E+00, -1.42456E+00, 1.11374E+00, 8.47007E-01, -1.33460E-01, 1.99470E+00, 8.73546E-01, -1.14283E+00, 1.62264E+00, 1.37665E-01, 1.40891E+00, -8.79425E-01, -4.07186E-01, 3.00518E-01, -2.38724E+00, -1.28674E+00, 7.33569E-01, 3.30399E-01, 1.02400E+00, 2.47661E+00, 5.29281E-01, -2.89008E+00, -1.15793E+00, 3.95144E-01, 9.87777E-02, -7.99643E-01, 7.34982E-01, -2.76182E+00, 4.67546E-02, 6.63317E-01, -1.39542E+00, -1.27380E+00, 9.07214E+00, -3.12535E+00, -3.01460E-01, -1.37023E+00, -1.45075E+00, 3.93165E-01, 1.27608E-01, 3.51072E+00, -1.01833E-01, -3.24931E-01, -1.71691E+00, 2.00873E-01, 7.28327E-01, -1.13446E+00, -5.09738E-01, 1.90628E+00, -1.19402E-01, 1.23844E+00, 4.52999E-01, 1.00385E+00, 2.83573E+00, -2.03824E+00, -5.45322E-01, -7.39510E-01, -2.90393E-01, -1.99386E-01, -1.40149E+00, 1.16203E+00, 2.91776E-01, -1.10725E+00, 5.35221E-03, -1.60819E+00, -7.08600E-01, 8.21919E-01, -2.44589E+00, -8.58317E-01, -7.53248E-01, -4.44358E-02, 4.99363E-01, -1.05258E-01, 4.45926E-01, 6.58457E-01, -4.51539E+00, -5.26769E-01, -3.75819E-01, -5.70142E-02, 1.87828E+00, -1.13164E+00, 9.40516E-01, 2.23817E+00, 5.56540E-01, -6.30120E-01, -1.61402E+00, 6.86780E-01, 2.27966E+00, 1.17290E+00, -1.39229E+00, -4.53954E-01, -4.91670E-01, 1.55580E+00, 7.89782E-01, -1.46835E+00, -1.07259E-01, -1.39905E+00, 1.36833E+00, -1.91795E+00, -2.59376E+00, 7.56960E-01, 6.24363E-01, -1.44691E+00, 4.29443E-01, -1.55982E+00, -1.61565E+00, 1.02792E+00, -4.31707E-02, -1.70867E+00, -5.62370E-01, 1.04062E+00, 1.81579E-01, -1.59398E+00, 4.77576E-02, -6.16707E-02, 5.23135E-01, 8.56787E-01, 2.24680E-01, 8.85346E-01, 3.11772E-01, 6.90322E-01, 6.64626E-01, 2.41831E-01, -1.35835E-01, 9.48946E-01, 8.42126E-01, -4.98796E-01, -1.30862E+00, -3.29800E-01, 2.46253E+00, 1.04612E+00, 1.53783E-01, -1.39308E+00, 5.72843E+00, 1.35453E-01, 7.58232E-01, 2.57668E-01, 3.38038E-01, 1.75710E+00, -1.38481E+00, 2.15651E-01, 1.10430E+00, -1.04886E+00, -5.62273E-01, 4.87008E-01, 6.01593E-01, 1.82323E+00, 1.03235E+01, 1.35115E+00, 1.56687E+00, -1.77752E+00, 1.90418E+00, -1.36804E+00, 1.93981E-01, 4.61376E-01, 4.22585E-01, 4.86680E-01, 1.26635E+00, 1.17304E+00, 2.13367E-02, -1.15651E-02, 6.81379E-01, -4.96835E-01, -2.48399E-01, 1.46326E+00, 2.30297E+00, 3.43412E-02, -1.70578E-01, -9.69114E-01, -8.91430E-01, 8.82225E-01, 1.47837E+00, 1.38978E+00, -1.86725E+00, -1.46866E-01, -2.94824E-01, -5.29497E-01, -2.33890E-01, -1.82350E+00, 8.49650E-01, -1.94330E+00, 4.52206E-02, -3.16193E-02, 9.98481E-01, 6.37797E-01, -1.27296E+00, 6.96933E-01, 3.81803E-01, -5.61551E-01, 9.33626E-01, -4.24529E-02, -1.65092E+00, -9.32516E-01, 2.89613E+00, 1.07932E+00, -5.00544E-01, -3.19864E-01, 1.41929E+00, -2.66088E-01, 2.61448E-02, -1.21230E-02, 2.23400E-01, -4.56491E+00, -1.07221E+00, 1.20024E-01, -1.01985E-01, -1.16295E+00, 1.57393E+00, 4.18802E-01, 1.16388E+00, 4.43275E-01, 4.32789E-01, -1.09155E-01, -1.02681E+00, 3.88341E-01, -1.08106E+00, -4.11795E-01, 9.72119E-01, 5.42950E-01, -5.83243E-01, -5.73137E-01, -4.96104E-01, -1.68550E+00, 7.75210E-01, -8.47990E-01, 1.78427E+00, 3.19662E-01, 4.76199E-01, -8.42911E-01, 6.12372E-01, -2.12296E+00, -1.62729E+00, 8.83586E-02),