list(N1=5.80000E+01, N2=4.20000E+01, R= structure(.Data= c(2.00000E+00, 1.00000E+00, 1.00000E+00, 1.00000E+00, 2.00000E+00, 1.00000E+00, 1.00000E+00, 1.00000E+00, 2.00000E+00), .Dim=c(3, 3)), d1= structure(.Data= c(-4.00000E+00, 0.00000E+00, 0.00000E+00, 0.00000E+00, 0.00000E+00, -8.00000E+00, 0.00000E+00, 0.00000E+00, 0.00000E+00, 0.00000E+00, 0.00000E+00, 0.00000E+00, 0.00000E+00, 0.00000E+00, 0.00000E+00, -6.00000E+00, 1.00000E+00, 0.00000E+00, 0.00000E+00, 0.00000E+00, -7.00000E+00, 1.00000E+00, 0.00000E+00, 0.00000E+00, 0.00000E+00, -2.00000E+00, 0.00000E+00, 0.00000E+00, 0.00000E+00, 0.00000E+00, 5.00000E+00, 0.00000E+00, 0.00000E+00, 0.00000E+00, 0.00000E+00, 3.00000E+00, 0.00000E+00, 0.00000E+00, 0.00000E+00, 0.00000E+00, 9.00000E+00, 0.00000E+00, 0.00000E+00, 0.00000E+00, 0.00000E+00, -1.20000E+01, 0.00000E+00, 0.00000E+00, 0.00000E+00, 0.00000E+00, -1.00000E+01, 0.00000E+00, 1.00000E+00, 0.00000E+00, 0.00000E+00, 6.00000E+00, 0.00000E+00, 0.00000E+00, 0.00000E+00, 0.00000E+00, 3.00000E+00, 0.00000E+00, 0.00000E+00, 0.00000E+00, 0.00000E+00, 7.00000E+00, 0.00000E+00, 1.00000E+00, 0.00000E+00, 0.00000E+00, -1.20000E+01, 0.00000E+00, 0.00000E+00, 0.00000E+00, 0.00000E+00, 9.00000E+00, 0.00000E+00, 0.00000E+00, 0.00000E+00, 1.00000E+00, 2.00000E+00, 0.00000E+00, 0.00000E+00, 0.00000E+00, 0.00000E+00, -1.10000E+01, 0.00000E+00, 0.00000E+00, 0.00000E+00, 1.00000E+00, -1.00000E+00, 0.00000E+00, 0.00000E+00, 0.00000E+00, 0.00000E+00, -1.00000E+01, 0.00000E+00, 1.00000E+00, 0.00000E+00, 0.00000E+00, 1.00000E+01, 0.00000E+00, 0.00000E+00, 0.00000E+00, 0.00000E+00, -2.00000E+00, 1.00000E+00, 0.00000E+00, 0.00000E+00, 0.00000E+00, -1.20000E+01, 0.00000E+00, 0.00000E+00, 1.00000E+00, 0.00000E+00, -2.00000E+00, 0.00000E+00, 0.00000E+00, 0.00000E+00, 0.00000E+00, -1.10000E+01, 1.00000E+00, 0.00000E+00, 0.00000E+00, 0.00000E+00, -3.00000E+00, 0.00000E+00, 0.00000E+00, 0.00000E+00, 0.00000E+00, -1.10000E+01, 0.00000E+00, 0.00000E+00, 0.00000E+00, 1.00000E+00, 8.00000E+00, 0.00000E+00, 0.00000E+00, 0.00000E+00, 0.00000E+00, -8.00000E+00, 0.00000E+00, 0.00000E+00, 0.00000E+00, 0.00000E+00, 8.00000E+00, 1.00000E+00, 0.00000E+00, 0.00000E+00, 0.00000E+00, -1.10000E+01, 1.00000E+00, 0.00000E+00, 0.00000E+00, 0.00000E+00, 9.00000E+00, 1.00000E+00, 0.00000E+00, 0.00000E+00, 0.00000E+00, -7.00000E+00, 0.00000E+00, 0.00000E+00, 0.00000E+00, 0.00000E+00, 1.10000E+01, 0.00000E+00, 0.00000E+00, 0.00000E+00, 0.00000E+00, -1.20000E+01, 0.00000E+00, 1.00000E+00, 0.00000E+00, 0.00000E+00, 9.00000E+00, 0.00000E+00, 0.00000E+00, 0.00000E+00, 0.00000E+00, 5.00000E+00, 0.00000E+00, 0.00000E+00, 0.00000E+00, 0.00000E+00, 1.10000E+01, 0.00000E+00, 0.00000E+00, 0.00000E+00, 0.00000E+00, -7.00000E+00, 0.00000E+00, 0.00000E+00, 0.00000E+00, 0.00000E+00, -1.20000E+01, 0.00000E+00, 1.00000E+00, 0.00000E+00, 0.00000E+00, 0.00000E+00, 1.00000E+00, 0.00000E+00, 0.00000E+00, 0.00000E+00, 3.00000E+00, 0.00000E+00, 1.00000E+00, 0.00000E+00, 0.00000E+00, 5.00000E+00, 1.00000E+00, 0.00000E+00, 0.00000E+00, 0.00000E+00, -4.00000E+00, 0.00000E+00, 1.00000E+00, 0.00000E+00, 0.00000E+00, 1.10000E+01, 0.00000E+00, 0.00000E+00, 0.00000E+00, 0.00000E+00, -2.00000E+00, 1.00000E+00, 0.00000E+00, 0.00000E+00, 0.00000E+00, -8.00000E+00, 0.00000E+00, 0.00000E+00, 0.00000E+00, 0.00000E+00, 5.00000E+00, 0.00000E+00, 0.00000E+00, 0.00000E+00, 0.00000E+00, -9.00000E+00, 0.00000E+00, 1.00000E+00, 0.00000E+00, 0.00000E+00, 8.00000E+00, 0.00000E+00, 1.00000E+00, 0.00000E+00, 0.00000E+00, -5.00000E+00, 0.00000E+00, 0.00000E+00, 0.00000E+00, 1.00000E+00, -5.00000E+00, 0.00000E+00, 0.00000E+00, 0.00000E+00, 0.00000E+00, 5.00000E+00, 0.00000E+00, 0.00000E+00, 1.00000E+00, 0.00000E+00, -1.20000E+01, 0.00000E+00, 0.00000E+00, 0.00000E+00, 0.00000E+00, 1.00000E+01, 0.00000E+00, 0.00000E+00, 0.00000E+00, 0.00000E+00, 4.00000E+00, 0.00000E+00, 0.00000E+00, 0.00000E+00, 0.00000E+00, -5.00000E+00, 0.00000E+00, 0.00000E+00, 0.00000E+00, 0.00000E+00, -1.10000E+01, 0.00000E+00, 0.00000E+00, 0.00000E+00, 0.00000E+00), .Dim=c(58, 5)), d2= structure(.Data= c(0.00000E+00, 0.00000E+00, 0.00000E+00, 0.00000E+00, 0.00000E+00, 2.00000E+00, 1.00000E+00, 0.00000E+00, 0.00000E+00, 0.00000E+00, -1.00000E+00, 0.00000E+00, 1.00000E+00, 0.00000E+00, 0.00000E+00, -7.00000E+00, 1.00000E+00, 0.00000E+00, 0.00000E+00, 0.00000E+00, 6.00000E+00, 0.00000E+00, 0.00000E+00, 0.00000E+00, 0.00000E+00, 5.00000E+00, 0.00000E+00, 1.00000E+00, 0.00000E+00, 0.00000E+00, 6.00000E+00, 0.00000E+00, 0.00000E+00, 1.00000E+00, 0.00000E+00, 1.00000E+01, 0.00000E+00, 0.00000E+00, 1.00000E+00, 0.00000E+00, 3.00000E+00, 0.00000E+00, 1.00000E+00, 0.00000E+00, 0.00000E+00, 3.00000E+00, 0.00000E+00, 0.00000E+00, 0.00000E+00, 0.00000E+00, -2.00000E+00, 0.00000E+00, 0.00000E+00, 0.00000E+00, 0.00000E+00, -1.00000E+01, 0.00000E+00, 1.00000E+00, 0.00000E+00, 0.00000E+00, -1.10000E+01, 0.00000E+00, 0.00000E+00, 0.00000E+00, 0.00000E+00, 1.00000E+01, 0.00000E+00, 0.00000E+00, 0.00000E+00, 0.00000E+00, 1.10000E+01, 0.00000E+00, 0.00000E+00, 0.00000E+00, 0.00000E+00, 6.00000E+00, 0.00000E+00, 0.00000E+00, 0.00000E+00, 1.00000E+00, -5.00000E+00, 0.00000E+00, 0.00000E+00, 0.00000E+00, 0.00000E+00, 5.00000E+00, 0.00000E+00, 0.00000E+00, 0.00000E+00, 0.00000E+00, 5.00000E+00, 0.00000E+00, 0.00000E+00, 0.00000E+00, 0.00000E+00, -8.00000E+00, 0.00000E+00, 0.00000E+00, 0.00000E+00, 0.00000E+00, -3.00000E+00, 0.00000E+00, 0.00000E+00, 0.00000E+00, 0.00000E+00, -1.20000E+01, 0.00000E+00, 0.00000E+00, 0.00000E+00, 0.00000E+00, -1.00000E+00, 1.00000E+00, 0.00000E+00, 0.00000E+00, 0.00000E+00, 8.00000E+00, 0.00000E+00, 0.00000E+00, 0.00000E+00, 0.00000E+00, -9.00000E+00, 0.00000E+00, 0.00000E+00, 0.00000E+00, 0.00000E+00, 6.00000E+00, 0.00000E+00, 1.00000E+00, 0.00000E+00, 0.00000E+00, 0.00000E+00, 1.00000E+00, 0.00000E+00, 0.00000E+00, 0.00000E+00, 1.00000E+01, 0.00000E+00, 0.00000E+00, 0.00000E+00, 0.00000E+00, 6.00000E+00, 0.00000E+00, 0.00000E+00, 0.00000E+00, 0.00000E+00, -1.20000E+01, 0.00000E+00, 0.00000E+00, 0.00000E+00, 0.00000E+00, -6.00000E+00, 0.00000E+00, 0.00000E+00, 0.00000E+00, 0.00000E+00, -7.00000E+00, 0.00000E+00, 0.00000E+00, 0.00000E+00, 0.00000E+00, -1.10000E+01, 0.00000E+00, 1.00000E+00, 0.00000E+00, 0.00000E+00, 7.00000E+00, 0.00000E+00, 1.00000E+00, 0.00000E+00, 0.00000E+00, -7.00000E+00, 0.00000E+00, 0.00000E+00, 0.00000E+00, 0.00000E+00, -1.20000E+01, 1.00000E+00, 0.00000E+00, 0.00000E+00, 0.00000E+00, -3.00000E+00, 1.00000E+00, 0.00000E+00, 0.00000E+00, 0.00000E+00, 3.00000E+00, 1.00000E+00, 0.00000E+00, 0.00000E+00, 0.00000E+00, -5.00000E+00, 0.00000E+00, 1.00000E+00, 0.00000E+00, 0.00000E+00, 8.00000E+00, 0.00000E+00, 0.00000E+00, 0.00000E+00, 0.00000E+00, -1.20000E+01, 0.00000E+00, 0.00000E+00, 0.00000E+00, 0.00000E+00, 9.00000E+00, 0.00000E+00, 1.00000E+00, 0.00000E+00, 0.00000E+00), .Dim=c(42, 5)),