list(N1=4.90000E+01, N2=5.10000E+01, R= structure(.Data= c(5.00000E+00, 2.00000E+00, 1.00000E+00, 2.00000E+00, 5.00000E+00, 1.00000E+00, 1.00000E+00, 1.00000E+00, 2.00000E+00), .Dim=c(3, 3)), z1= structure(.Data= c(1.00000E+00, 1.00000E+00, 1.00000E+00, 1.00000E+00, 1.00000E+00, 1.00000E+00, 1.00000E+00, 2.00000E+00, 4.00000E+00, 1.00000E+00, 1.00000E+00, 1.55780E-01, -1.93316E-02, 1.29224E+00, 7.18151E-01, -7.53348E-02, 1.12089E-01, 1.00000E+00, 1.00000E+00, 1.00000E+00, 1.00000E+00, 1.00000E+00, 1.00000E+00, 2.00000E+00, 1.00000E+00, 3.00000E+00, 1.00000E+00, 1.00000E+00, 7.02985E-02, 1.82524E-01, 6.52097E-02, -1.90542E-01, 4.00869E-02, -2.83589E-01, 1.00000E+00, 1.00000E+00, 1.00000E+00, 2.00000E+00, 1.00000E+00, 1.00000E+00, 1.00000E+00, 4.00000E+00, 1.00000E+00, 1.00000E+00, 4.00000E+00, 3.49699E-02, 1.34363E-02, 3.03901E-01, -4.24729E-01, -7.24721E-02, -1.86449E-01, 1.00000E+00, 1.00000E+00, 1.00000E+00, 1.00000E+00, 1.00000E+00, 1.00000E+00, 2.00000E+00, 1.00000E+00, 1.00000E+00, 5.00000E+00, 5.00000E+00, 5.11127E-02, -3.42663E-02, 3.47485E-02, -5.18490E-02, 8.56133E-02, -1.99711E-01, 1.00000E+00, 1.00000E+00, 2.00000E+00, 1.00000E+00, 1.00000E+00, 1.00000E+00, 2.00000E+00, 3.00000E+00, 1.00000E+00, 1.00000E+00, 1.00000E+00, 1.48232E-01, 3.79150E-01, 8.40779E-02, 1.35995E-01, 9.04445E-02, -1.20157E-01, 2.00000E+00, 1.00000E+00, 1.00000E+00, 1.00000E+00, 1.00000E+00, 1.00000E+00, 1.00000E+00, 2.00000E+00, 1.00000E+00, 4.00000E+00, 2.00000E+00, 4.10750E-02, 2.81637E-01, -1.61630E-01, -6.97406E-01, -1.99517E-01, -3.54644E-01, 1.00000E+00, 1.00000E+00, 1.00000E+00, 1.00000E+00, 1.00000E+00, 1.00000E+00, 1.00000E+00, 1.00000E+00, 1.00000E+00, 1.00000E+00, 1.00000E+00, 6.27289E-02, 3.93632E-01, 2.32222E-01, 2.25910E-01, 2.45380E-02, -2.51131E-01, 2.00000E+00, 1.00000E+00, 1.00000E+00, 1.00000E+00, 1.00000E+00, 1.00000E+00, 1.00000E+00, 1.00000E+00, 1.00000E+00, 2.00000E+00, 1.00000E+00, 8.44571E-02, -7.37265E-01, -9.36689E-01, -2.05238E-01, -8.68404E-02, -2.33775E-01, 1.00000E+00, 1.00000E+00, 1.00000E+00, 2.00000E+00, 1.00000E+00, 2.00000E+00, 2.00000E+00, 3.00000E+00, 1.00000E+00, 3.00000E+00, 3.00000E+00, 4.06121E-01, 1.21494E+00, 6.54366E-03, 8.48331E-01, -8.16861E-01, -7.17678E-01, 1.00000E+00, 1.00000E+00, 1.00000E+00, 1.00000E+00, 1.00000E+00, 1.00000E+00, 3.00000E+00, 2.00000E+00, 1.00000E+00, 1.00000E+00, 1.00000E+00, -3.62703E-02, 5.72285E-02, 8.38126E-03, -7.20820E-02, -1.27119E-01, 1.17967E-02, 1.00000E+00, 1.00000E+00, 1.00000E+00, 1.00000E+00, 1.00000E+00, 1.00000E+00, 1.00000E+00, 1.00000E+00, 2.00000E+00, 2.00000E+00, 1.00000E+00, 1.01155E-01, 8.23764E-02, 1.07756E-01, -1.02025E-01, -5.97358E-02, 3.47942E-02, 3.00000E+00, 3.00000E+00, 3.00000E+00, 3.00000E+00, 3.00000E+00, 3.00000E+00, 3.00000E+00, 2.00000E+00, 1.00000E+00, 1.00000E+00, 2.00000E+00, 6.83202E-02, 4.69209E-02, -1.54567E-01, 3.74908E-01, -1.91253E-01, -6.84464E-02, 3.00000E+00, 2.00000E+00, 2.00000E+00, 1.00000E+00, 1.00000E+00, 2.00000E+00, 2.00000E+00, 2.00000E+00, 1.00000E+00, 1.00000E+00, 2.00000E+00, 1.58075E-01, 6.44015E-02, -2.35593E-01, 1.11903E-01, 1.85526E-01, -6.73891E-02, 1.00000E+00, 1.00000E+00, 1.00000E+00, 1.00000E+00, 1.00000E+00, 1.00000E+00, 1.00000E+00, 1.00000E+00, 1.00000E+00, 5.00000E+00, 1.00000E+00, 4.61648E-02, 1.68503E-01, -1.57319E-01, 3.61979E-01, -2.26591E-01, -1.54847E-02, 1.00000E+00, 1.00000E+00, 1.00000E+00, 1.00000E+00, 1.00000E+00, 3.00000E+00, 5.00000E+00, 5.00000E+00, 2.00000E+00, 5.00000E+00, 5.00000E+00, 8.38791E-02, 3.27629E-01, 3.06699E-01, 7.75001E-02, -4.77578E-02, -3.82602E-01, 1.00000E+00, 1.00000E+00, 1.00000E+00, 1.00000E+00, 1.00000E+00, 1.00000E+00, 2.00000E+00, 1.00000E+00, 1.00000E+00, 3.00000E+00, 1.00000E+00, 5.50999E-02, -1.16456E-01, -2.81015E-01, -6.86212E-02, -1.49486E-01, 1.02001E-01, 2.00000E+00, 2.00000E+00, 1.00000E+00, 1.00000E+00, 1.00000E+00, 1.00000E+00, 2.00000E+00, 2.00000E+00, 1.00000E+00, 1.00000E+00, 1.00000E+00, 3.65607E-02, 9.89581E-02, 2.15294E-02, -1.72782E-02, 3.19256E-02, -2.29197E-01, 1.00000E+00, 1.00000E+00, 1.00000E+00, 1.00000E+00, 2.00000E+00, 1.00000E+00, 2.00000E+00, 2.00000E+00, 3.00000E+00, 2.00000E+00, 3.00000E+00, 1.34135E-01, -3.32171E-01, -2.81571E-01, 6.61230E-01, 1.98868E-01, 6.73246E-01, 1.00000E+00, 2.00000E+00, 2.00000E+00, 1.00000E+00, 2.00000E+00, 3.00000E+00, 2.00000E+00, 3.00000E+00, 1.00000E+00, 3.00000E+00, 2.00000E+00, 3.97272E-02, 1.29244E-01, -3.24914E-02, 5.85848E-01, -8.17855E-02, 2.30448E-01, 1.00000E+00, 1.00000E+00, 2.00000E+00, 1.00000E+00, 1.00000E+00, 3.00000E+00, 3.00000E+00, 1.00000E+00, 1.00000E+00, 1.00000E+00, 1.00000E+00, 5.56114E-02, 2.44507E-01, 1.77558E-01, -5.85757E-02, 1.15476E-02, -6.11057E-02, 1.00000E+00, 1.00000E+00, 1.00000E+00, 1.00000E+00, 1.00000E+00, 1.00000E+00, 1.00000E+00, 1.00000E+00, 1.00000E+00, 1.00000E+00, 2.00000E+00, 1.38512E-01, 1.20537E-01, 1.04343E-01, 2.28308E-02, 1.55864E-01, 1.25664E-02, 1.00000E+00, 3.00000E+00, 2.00000E+00, 1.00000E+00, 1.00000E+00, 2.00000E+00, 1.00000E+00, 2.00000E+00, 1.00000E+00, 2.00000E+00, 1.00000E+00, 2.83730E-02, 1.34101E-01, 2.81065E-01, -2.61770E-02, 4.01588E-02, -6.09700E-02, 1.00000E+00, 1.00000E+00, 1.00000E+00, 1.00000E+00, 1.00000E+00, 1.00000E+00, 1.00000E+00, 2.00000E+00, 2.00000E+00, 2.00000E+00, 3.00000E+00, 8.93535E-02, -6.76768E-02, -9.47465E-03, 1.91661E-01, 1.21904E-01, 6.72077E-03, 1.00000E+00, 2.00000E+00, 1.00000E+00, 1.00000E+00, 1.00000E+00, 1.00000E+00, 1.00000E+00, 2.00000E+00, 3.00000E+00, 2.00000E+00, 1.00000E+00, 1.71018E-01, 3.92287E-01, 1.60433E-01, -9.62370E-02, 3.87095E-02, 5.40228E-02, 1.00000E+00, 1.00000E+00, 1.00000E+00, 1.00000E+00, 2.00000E+00, 2.00000E+00, 1.00000E+00, 2.00000E+00, 1.00000E+00, 2.00000E+00, 1.00000E+00, 2.62368E-02, -1.70007E-02, 1.12842E-01, -9.37523E-02, -9.22888E-02, 6.85673E-02, 1.00000E+00, 1.00000E+00, 2.00000E+00, 1.00000E+00, 1.00000E+00, 1.00000E+00, 1.00000E+00, 2.00000E+00, 1.00000E+00, 2.00000E+00, 1.00000E+00, 1.13341E-01, 1.54413E-01, 1.11206E-01, -2.24345E-02, 5.98330E-04, -6.10644E-02, 1.00000E+00, 1.00000E+00, 1.00000E+00, 1.00000E+00, 2.00000E+00, 2.00000E+00, 1.00000E+00, 3.00000E+00, 3.00000E+00, 1.00000E+00, 1.00000E+00, 3.70419E-02, 9.82402E-02, 5.76192E-02, 1.20388E-01, 2.88789E-02, -3.90743E-02, 1.00000E+00, 1.00000E+00, 1.00000E+00, 1.00000E+00, 1.00000E+00, 1.00000E+00, 1.00000E+00, 1.00000E+00, 1.00000E+00, 1.00000E+00, 1.00000E+00, 1.82012E-01, 2.88632E-01, 4.22840E-01, 1.05511E-01, -2.77289E-02, -2.20871E-01, 1.00000E+00, 1.00000E+00, 1.00000E+00, 1.00000E+00, 1.00000E+00, 1.00000E+00, 1.00000E+00, 1.00000E+00, 1.00000E+00, 1.00000E+00, 1.00000E+00, 2.08892E-01, 1.44735E-01, 1.22487E-01, -2.45522E-02, -1.17010E-01, -2.97924E-01, 2.00000E+00, 1.00000E+00, 1.00000E+00, 1.00000E+00, 1.00000E+00, 1.00000E+00, 1.00000E+00, 1.00000E+00, 1.00000E+00, 1.00000E+00, 1.00000E+00, 7.89586E-02, 8.37666E-02, 1.73294E-01, 1.81894E-01, 1.13876E-01, -7.42443E-02, 2.00000E+00, 2.00000E+00, 3.00000E+00, 1.00000E+00, 1.00000E+00, 1.00000E+00, 1.00000E+00, 2.00000E+00, 3.00000E+00, 1.00000E+00, 1.00000E+00, -5.35849E-02, 6.91527E-02, -1.19471E-01, -5.94106E-01, -2.72280E-01, -1.14387E-01, 1.00000E+00, 1.00000E+00, 1.00000E+00, 1.00000E+00, 1.00000E+00, 1.00000E+00, 1.00000E+00, 1.00000E+00, 1.00000E+00, 1.00000E+00, 2.00000E+00, 5.93646E-02, -5.10776E-01, 1.70195E-01, -1.03674E-02, 3.54348E-02, -1.25101E-01, 3.00000E+00, 3.00000E+00, 3.00000E+00, 3.00000E+00, 2.00000E+00, 3.00000E+00, 1.00000E+00, 2.00000E+00, 1.00000E+00, 1.00000E+00, 1.00000E+00, 5.67115E-02, -9.72335E-03, 4.18341E-02, -3.58878E-02, -2.14805E-02, 7.13375E-02, 1.00000E+00, 1.00000E+00, 1.00000E+00, 1.00000E+00, 1.00000E+00, 1.00000E+00, 2.00000E+00, 1.00000E+00, 1.00000E+00, 2.00000E+00, 1.00000E+00, 1.14635E-01, 4.30496E-02, -2.55462E-01, 6.82637E-03, -1.33461E-01, -1.63661E-01, 3.00000E+00, 1.00000E+00, 1.00000E+00, 1.00000E+00, 1.00000E+00, 2.00000E+00, 3.00000E+00, 2.00000E+00, 1.00000E+00, 1.00000E+00, 2.00000E+00, 1.51988E-01, -1.74532E-01, 3.50088E-01, 