list(N=5.00000E+02, zero=c(0.00000E+00, 0.00000E+00), d=c(-3.12984E+00, -1.25392E+00, -2.61801E-01, -4.75792E-01, 5.64344E-01, -5.44204E-01, -2.18554E+00, -6.83877E-01, 1.89715E+00, -4.69903E-01, 1.34988E+00, 4.90320E-01, -2.61910E-01, -1.18838E+00, -5.30987E-01, -1.10490E+00, -1.78030E+00, -2.61725E+00, 5.76595E-01, -2.19529E+00, -1.45030E+00, -7.54046E-01, -4.20835E-01, 6.48285E-01, 5.42316E-01, 5.88578E-01, -1.72355E+00, -1.20091E+00, 2.40527E+00, -1.07722E+00, 1.65021E+00, 6.82517E-02, 1.12552E-01, 1.13127E+00, -3.43589E-01, 1.83221E+00, 5.10196E-01, 1.42011E+00, -1.85377E-01, 1.25456E+00, 1.53141E+00, -3.27039E+00, 5.10350E-02, -6.40251E-02, -6.69774E-01, -1.82304E+00, -1.19905E+00, -9.11774E-01, -5.51492E-01, 7.72564E-01, 5.40825E-05, 1.41926E+00, 1.01446E+00, -1.34453E-01, -3.98918E+00, 2.81861E+00, 7.33785E-01, -2.60182E+00, 1.09189E+00, 1.52222E+00, 6.39524E-01, 1.08249E-01, -7.96012E-01, -1.65565E+00, -1.38438E+00, -1.76371E+00, 4.53168E-01, 1.04277E+00, -3.74075E-01, -1.67103E+00, -5.84992E-01, 4.85730E-01, 1.03120E+00, 4.92251E-01, 1.18926E+00, -3.31701E+00, 1.13461E-02, -7.80833E-01, 1.41699E+00, -5.68207E-01, -4.33688E-01, 1.53613E+00, -7.12889E-01, 9.39063E-01, 1.43049E-01, -2.47399E-01, -1.30007E-01, 9.07629E-01, 9.68356E-01, -2.36206E-01, 1.20846E+00, 4.22068E-01, -1.26135E+00, -1.24837E+00, -1.70780E-01, 3.88183E+00, -6.37805E-03, -5.32004E-01, 8.08367E-02, -8.52795E-02, -1.83703E+00, -1.84966E+00, 1.65074E+00, 3.34716E+00, 2.09916E-01, -1.84776E+00, -4.51137E-01, -1.25413E-01, -2.06027E-01, -7.07392E-01, -4.51906E-02, -2.09230E-01, -1.37728E+00, 1.29654E+00, 2.60346E+00, 4.57339E-01, -1.92170E+00, 2.13586E-01, -7.10184E-01, 2.16956E+00, 1.19520E+00, 5.66962E-01, -3.14346E-01, 6.38230E-02, -1.67429E+00, 2.02855E+00, 1.33644E+00, -1.28742E+00, -1.05427E+00, 1.38692E+00, 1.64627E-01, -6.04233E-01, -7.29332E-01, -7.90806E-01, -3.19796E+00, 2.62647E-01, 1.87496E+00, -1.25944E+00, 1.06127E+00, 5.39437E-01, 1.03777E-01, -3.37906E-01, -6.07280E-01, -1.34916E-01, -4.82036E-01, -5.11228E-01, 1.64376E+00, -2.84768E+00, -4.69334E-01, -3.14554E-01, 6.59429E-01, -1.25326E+00, -1.73299E+00, 2.93416E-01, -1.32222E-01, -1.65157E-01, 1.52728E+00, -1.12408E+00, 6.56699E-01, 7.19449E-01, 2.86426E+00, -5.13277E-01, -2.09957E+00, 3.51313E+00, 3.41444E-01, 1.21406E+00, -2.09156E-01, 1.27230E-01, 1.62361E+00, -6.02719E-01, -4.79392E-02, 3.43979E-01, 1.31566E+00, -1.05229E+00, 2.98151E-01, -1.04273E+00, -1.43812E+00, 2.23198E+00, 5.81212E-01, 2.67335E-01, 1.68673E+00, 1.73725E-01, 5.67032E-01, -2.67386E+00, -2.55984E-02, -1.36911E+00, 1.61173E+00, 4.24870E-01, 5.85180E-01, -4.34097E-02, 1.66115E+00, -3.40295E+00, 3.74405E-01, -7.70675E-01, 5.91611E-01, -2.89227E-01, -1.10163E+00, 1.25418E+00, -3.57752E-01, 1.42305E+00, -9.41818E-01, -2.42242E-01, -1.35284E+00, 4.14510E-01, -1.24977E+00, -6.81372E-01, 3.81883E-01, -3.32534E-01, -8.39690E-01, 3.69468E+00, 6.20705E-01, -1.01211E-01, -9.94515E-01, 9.17662E-01, 6.12729E-01, -7.02177E-01, 1.01082E+00, 5.66272E-01, -2.07374E-02, -2.18034E-01, 1.24966E+00, -5.01862E-02, 9.88474E-01, -8.84528E-01, 5.12985E-01, -7.34059E-02, -1.84568E+00, -2.45629E-01, 1.81513E+00, 5.15845E-01, 2.08480E+00, -4.42873E-01, -1.67958E+00, 4.01925E-01, 9.34475E-02, -2.88675E+00, -5.90179E-01, 4.34162E-01, -1.20609E+00, -2.27249E-01, 2.01987E+00, 3.82552E-01, 7.19639E-02, -3.56494E+00, 1.25486E+00, 4.66344E-02, -1.32473E+00, -1.53542E+00, -9.19550E-01, 1.54804E+00, -2.84157E-01, -3.00637E-02, -1.41429E+00, 2.01733E+00, -2.54068E+00, -7.94020E-01, 5.67125E-01, -2.58303E+00, -5.50218E-01, 4.42903E-01, -1.17650E-01, 1.67320E-01, -9.40833E-01, 1.14169E+00, -6.46614E-01, 7.07659E-01, -2.37929E-03, -4.41131E-01, 3.71457E-01, 1.10151E+00, -6.65602E-01, 9.71849E-02, -2.75189E+00, -7.34848E-01, 2.31441E+00, -5.68554E-01, 2.69577E-01, -5.14188E-01, -1.00507E+00, -1.58205E+00, 1.45967E+00, -6.49526E-01, -1.00221E-02, -5.64866E-01, -3.01958E+00, -1.65453E+00, 2.80785E-01, -6.55534E-01, -7.15439E-01, 3.45849E-01, 1.55900E+00, 1.48029E+00, 1.45418E-01, -3.32322E-01, 1.35582E+00, 3.41856E-01, -1.29494E+00, -1.80552E+00, 1.71288E-01, 4.83397E+00, 1.48592E+00, -1.13973E+00, -2.32481E-01, -2.93851E-03, -9.34755E-01, 8.91669E-01, 5.45108E-01, 4.76325E-01, -4.44609E-01, 7.72898E-05, 4.80107E-01, -3.87792E-02, -8.72882E-01, -1.03663E+00, 7.91631E-01, -2.70680E-01, -7.94225E-01, 1.08095E+00, 2.54075E-02, -4.80210E-01, 1.08565E+00, -3.45129E-02, -1.45823E-01, 1.34843E+00, -1.91219E-01, 3.88824E-01, 9.76780E-01, 1.60826E+00, -1.45789E+00, 1.28967E+00, 8.28895E-01, -8.99961E-01, 4.79063E-01, 2.88656E-01, 1.48382E-01, -4.69991E-02, 9.14259E-01, 3.12967E-01, 7.13666E-03, -4.23669E-01, -1.83092E+00, -7.68623E-01, -1.80797E+00, -1.00019E+00, 2.39628E+00, 4.59558E-01, 3.01704E+00, -4.09359E-01, -1.52805E+00, -4.29029E-01, -7.85623E-01, 9.56577E-01, -2.27330E+00, 1.77856E+00, -1.39659E+00, -4.90827E-01, -4.95808E-02, -3.23977E-01, 1.67883E+00, -1.28329E-01, 1.05642E+00, -4.34037E-01, -2.60834E-01, -2.25660E+00, 1.79558E+00, -6.43849E-01, -4.38457E-01, 2.13235E-01, 1.47693E+00, -1.39527E-01, 2.69149E-01, -1.43182E+00, -6.44893E-02, -4.73061E-01, -2.34084E-01, 4.13327E-01, 1.27012E+00, 6.06445E-01, -2.71262E+00, -2.43228E+00, -1.44401E+00, 4.23838E-01, -7.62149E-01, -8.59034E-02, 1.32603E+00, 1.29541E+00, -1.35829E+00, -1.53600E+00, 1.78776E-01, -3.06556E-01, -1.41319E+00, 1.19880E+00, -1.14304E-01, 7.17442E-01, 1.65007E+00, 1.81238E+00, 1.20626E+00, -4.90132E-02, -1.43329E+00, -1.08201E+00, 1.97351E-01, 8.75032E-02, 4.91757E-01, -3.76276E-01, 8.35211E-01, -1.28740E-02, 1.62822E+00, 1.78794E+00, -3.69599E-01, -1.41497E-01, 2.87203E+00, 5.83671E-01, -9.59854E-01, -8.61653E-01, -8.64764E-01, 7.70580E-02, 8.34610E-01, -1.77222E-01, 8.65885E-02, -1.45737E+00, -1.35362E+00, -1.10892E+00, 1.37349E+00, -1.38074E+00, 3.44509E-01, -1.05620E+00, 2.11237E-01, 3.21186E-01, -7.28193E-02, -2.57456E+00, -6.55157E-01, -2.69778E-02, -7.22264E-01, 5.23758E-01, 1.45147E+00, -1.51596E+00, 2.66810E+00, -1.61490E+00, 8.79264E-01, 9.32315E-01, 1.45762E+00, 6.28392E-01, 9.39535E-01, 1.51619E-01, 6.97627E-01, 1.07098E+00, 2.76822E-01, 1.06928E+00, 3.30193E+00, -1.19227E+00, -8.62941E-01, -2.34928E-01, -2.10614E-01, 2.94065E-01, -8.44661E-01, -1.58733E-01, 2.49231E-01, -1.31827E+00, -2.37642E-01, 9.99173E-01, -2.30942E-01, -1.72530E+00, -1.09087E+00, 4.73649E-01, 1.01851E-01, -4.54527E-01, 4.19357E-01, -1.08410E+00, 1.55974E+00, -3.24300E+00, 1.11969E+00, -1.76134E-01, 4.71118E-02, -1.84854E-01, 1.97774E-01, -5.99048E-01, -1.69595E-01, -1.65595E+00, 3.41521E-01, 5.26935E-02, -2.49529E-01, 3.08775E+00, 8.15013E-01, -2.82649E+00, -9.85693E-02, 8.46141E-01, -2.05785E-01, -7.78937E-01, 1.46643E+00, -2.68686E-01, -1.37740E+00, -6.63850E-02, 3.63838E-01, -4.26329E+00, -9.62226E-01, 3.24657E-01, 2.00766E+00, -8.28723E-01, -1.88471E+00, 9.32188E-01),