list(N=5.00000E+02, zero=c(0.00000E+00, 0.00000E+00), d=c(-8.11716E-01, 7.43632E-01, -1.10461E+00, -9.84195E-02, -2.78336E-01, 3.04284E-01, 4.57654E-01, 1.17926E+00, -6.16292E-01, -7.86725E-01, 2.20284E-01, -4.24778E-01, -6.15588E-01, -1.04138E-01, -2.05946E+00, 8.70834E-01, 4.34004E-01, -6.97347E-02, -2.63234E-01, -1.07803E+00, -6.28970E-02, 6.07158E-01, 1.89142E+00, -1.88336E+00, 4.80143E-01, 4.40364E+00, -3.54816E-01, -7.76314E-01, -4.27401E-02, -2.87148E+00, 1.20887E+00, -1.75487E-01, -7.89799E-01, -1.47249E+00, -9.85907E-02, 2.92807E-01, -6.20321E-01, -2.59058E+00, 3.53583E+00, 2.67818E-01, -3.08082E-01, -3.97884E-01, 1.04011E+00, -5.70481E-01, 4.38953E-01, -1.20377E+00, -2.30048E+00, 1.27296E+00, -2.42564E-01, 4.61278E-01, -1.82335E+00, 3.60066E+00, -5.56652E-01, 6.50972E-01, -3.06611E-01, -1.78392E+00, 6.05205E-01, 2.12698E+00, 1.30599E-01, -2.30970E+00, -8.82560E-01, 3.49519E-02, 6.22478E-01, 2.03254E+00, -2.38054E+00, -4.30765E-01, -1.49607E-01, 3.41011E-01, -2.40631E-02, -1.35871E+00, 7.78896E-01, 2.21493E-01, -2.02274E+00, -1.30084E-02, 8.01645E-01, 1.81423E+00, -5.36714E-01, -6.37861E-01, 2.31909E+00, -1.66361E-01, -1.05234E+00, 8.78992E-02, 4.32371E-01, 8.13812E-01, 1.65954E-01, -3.31789E+00, 1.32435E+00, -2.91694E+00, -2.09570E-01, 8.25186E-01, -3.13549E-01, 9.93842E-01, -3.63617E-01, 5.15942E-02, 1.13850E+00, -2.34331E-01, 1.69958E+00, 2.11252E-01, 8.62065E-01, 6.23883E-01, 1.25554E+00, -8.05601E-01, -9.39462E-01, -5.99552E-01, 4.91747E-01, -1.30694E+00, -1.15973E+00, -1.90346E+00, 3.19513E-01, -8.60163E-01, -4.99586E+00, 9.39805E-01, -6.46253E-01, 1.43083E+00, -2.20072E+00, -2.19115E+00, 1.00924E+00, -1.24611E+00, 1.53478E+00, 1.82570E+00, 6.65635E-01, -2.20983E+00, -7.38309E-01, 9.17359E-01, 2.32885E+00, -5.12044E-01, 5.47573E-01, 2.67638E+00, -1.03192E+00, -5.67391E-01, -1.13965E+00, -3.72253E-01, 1.48560E+00, -8.93533E-01, 2.19477E+00, 4.74206E-02, 3.28883E-01, 3.53039E-01, 1.63592E+00, -1.09077E+00, -4.85850E+00, 3.23517E-01, 1.52278E+00, 1.00030E+00, -1.03390E+00, -5.54069E-01, 9.88638E-01, -1.48254E-01, -1.95819E+00, 4.59406E-01, -1.01716E+00, 2.76656E-01, -2.48617E+00, -3.69774E-01, 5.66752E-01, 8.61778E-01, -7.38220E-01, 5.60348E-01, -1.46841E+00, -1.14690E+00, -1.86904E-01, 1.64718E+00, -1.67685E+00, 5.08154E-02, -6.15497E-01, 1.05215E+00, -6.37135E-01, 2.20292E+00, 9.29303E-01, -6.04232E-01, 1.34752E-01, -6.82702E-01, -7.29899E-01, 2.45171E-01, 9.79817E-01, -7.17802E-01, 1.41545E+00, 2.72399E-01, -6.02494E-01, -1.86630E+00, 5.77441E-01, 5.82563E-01, -1.46705E+00, -1.47973E+00, 5.38499E-01, -2.43872E+00, -9.07852E-01, -8.44495E-01, 8.19130E-04, -2.96482E-01, 2.49921E-01, -5.82542E-01, 1.32505E+00, -7.85058E-02, -5.06744E-01, -4.05148E-01, -4.57089E-01, 2.29700E-01, -2.38272E+00, -2.56928E+00, 7.98431E-01, 1.07876E+00, -5.07060E-01, 1.63309E+00, 1.21026E+00, 1.39887E-01, 1.19800E+00, -2.39121E+00, -2.56099E+00, 9.92478E-02, 1.33216E+00, 1.53674E+00, -1.33767E+00, 1.58603E+00, -1.21633E+00, 1.09877E+00, -5.16878E-01, -1.18071E-01, 1.05010E+00, 2.03362E+00, -5.08589E-02, -6.70970E-01, -3.52522E+00, -6.22042E-02, -5.49541E-01, -1.43988E-01, 1.88335E+00, 8.15490E-01, -6.89982E-01, -1.45121E-01, 1.11571E+00, -1.17070E+00, -6.63440E-01, 1.26561E+00, -2.40545E-01, -8.89343E-01, 2.75538E+00, 5.31017E-01, 5.93043E-01, 2.22568E-01, -7.76562E-01, 3.58398E-01, 3.85292E-01, 8.91920E-01, -1.63280E-01, 5.74862E-01, -1.25357E+00, -2.34950E-01, -4.43326E-01, 1.00472E+00, -1.85692E+00, -1.02143E+00, -7.60942E-02, 3.58912E+00, 5.97936E-01, 1.43524E-01, -4.22426E-01, 1.05593E-02, -2.85849E-01, -1.23764E+00, 3.73887E-01, -4.78752E-01, -1.95633E+00, -8.56498E-01, -1.30937E-01, 1.69764E+00, 5.91861E-01, -1.71739E-01, 1.44751E+00, -8.01293E-01, -1.24189E+00, -7.18632E-02, 3.71618E-01, 3.97190E-01, 9.85079E-01, -3.32495E-01, -1.93432E-02, -2.88353E-01, -4.61695E-01, -6.45947E-01, 2.71459E-01, -1.94462E-01, 1.20787E+00, 7.77232E-01, -1.07074E+00, -6.23034E-01, 1.54855E+00, 1.80731E-01, -4.63588E-01, -1.69259E-02, -3.93896E-01, 8.98867E-01, -5.82818E-01, 4.38078E-01, 6.80085E-01, 1.82376E+00, -1.50455E+00, 1.99221E-01, -5.24705E-03, -1.38501E+00, 4.44222E+00, -5.50086E-01, 8.88149E-01, -2.82544E-01, 5.81831E-01, -6.95534E-01, 1.42360E-02, -9.87601E-01, 1.34546E+00, -1.87919E-01, 1.40431E-01, -1.20937E+00, -1.27089E+00, -1.27920E+00, -2.20791E+00, -7.33504E-01, 8.32435E-01, -1.46062E-01, 1.31318E+00, -2.24834E-01, -2.70586E+00, 1.14349E+00, 1.06881E+00, -5.34665E-01, -1.68983E-02, -2.37433E-01, 4.45502E-01, -1.41167E+00, -5.95915E-01, 2.14715E+00, 1.19469E-01, 4.13145E-01, 6.02774E-01, 4.87945E-01, 1.60043E+00, -5.18394E-01, -6.50089E-01, 1.39212E-01, 1.86328E-01, 4.30365E-01, -2.73697E-01, -6.17217E-01, 1.35979E+00, -3.35233E-01, 1.48553E+00, -1.25968E+00, -4.77078E-02, -3.05715E+00, -2.51157E-01, 6.21204E-01, -7.41312E-01, -1.55478E+00, 7.25491E-01, 1.07704E+00, 4.11816E-02, -1.97488E+00, 3.49828E-01, -6.33011E-01, 9.32670E-01, 1.25650E+00, -1.46801E-01, -2.29990E+00, 4.00590E-01, -3.10239E-01, -6.73552E-01, 5.61192E-02, 1.90990E-01, -3.93745E-01, -5.22531E-01, -4.79047E-01, 1.91517E-01, -4.86546E-01, 5.80862E-01, -1.03801E+00, 7.24252E-01, -1.72161E+00, -2.01940E-01, -8.95476E-01, 4.54754E-01, -1.53191E+00, -1.16857E+00, -4.07658E-01, 6.91897E-01, -1.27461E+00, -5.00849E-01, 2.12214E-01, 3.76173E-01, -4.49738E-01, 1.00207E+00, -1.17958E+00, -1.27919E+00, 1.60612E-01, -3.56280E+00, 5.02653E-01, -2.80073E-01, -4.99512E-01, 5.34587E-01, -2.91736E-01, 2.33983E+00, -8.55858E-01, 1.49675E+00, -5.32073E-01, 8.44736E-02, -1.42864E+00, -1.09694E+00, -3.81032E-01, -1.98125E-02, 7.54187E-01, -2.85607E-01, -2.30940E+00, -4.23575E+00, 5.70020E-01, 2.59114E+00, -2.03537E-01, 1.05203E+00, -7.97729E-01, 1.60097E+00, -7.02340E-01, -4.95530E-01, 7.15818E-01, -2.06607E+00, -2.69716E-01, -8.43380E-02, 9.67174E-01, 5.81165E-01, 1.26316E+00, 6.34922E-01, -3.93964E-01, 1.49529E+00, 1.65922E+00, -6.27604E-01, 2.50191E-01, -1.27120E+00, 3.28627E-01, 4.19726E-01, 5.72177E-01, 1.26670E+00, -5.96679E-03, -8.06957E-02, -3.70468E-01, -2.23687E-01, -5.60802E-01, -9.24199E-01, 1.16028E+00, 1.71616E-01, 2.13196E+00, 2.70197E+00, 8.41701E-01, -1.27311E+00, 5.06468E-01, 9.10063E-01, 1.67214E+00, 1.16720E+00, -9.53115E-01, 6.78204E-01, 1.37805E+00, 6.78974E-01, 9.50108E-01, -4.90801E-02, -1.14046E+00, -9.03866E-03, 2.04253E+00, -2.41158E+00, 9.08760E-01, 3.48691E-01, 7.98769E-01, 1.77921E+00, 1.14778E+00, 2.86866E-01, -1.36390E+00, 6.61396E-01, 8.76952E-01, -2.98083E-01, -4.29646E-01, -1.88020E+00, -6.75432E-01, 7.23460E-01, 4.93953E-01, 3.79548E-01, 7.32055E-01, 1.38595E+00, -1.32618E-01, -6.92287E-01, -2.15127E+00, -1.16123E+00, 3.45307E-01, -2.40661E+00, -4.74770E-01, 6.51668E-01, -6.84459E-02, -2.63491E-01, -1.77796E-01, -1.33863E+00, 1.72586E+00, -4.97143E-01, -2.40085E+00, -3.63303E-01, -1.05561E+00, 6.73534E-01, -1.87423E-01),