list(
N1=3.46400E+03, N2=3.10900E+03, P=1.70000E+01, r=5.00000E+00, 
R= structure(.Data= c(
	8.00000E+00, 4.00000E+00, 4.00000E+00, 
	4.00000E+00, 8.00000E+00, 4.00000E+00, 
	4.00000E+00, 4.00000E+00, 8.00000E+00), 
	.Dim=c(3, 3)), 
d1= structure(.Data= c(D1), 
	.Dim=c(3464, 5)), 
d2= structure(.Data= c(D2), 
	.Dim=c(3109, 5)), 
z1= structure(.Data= c(Z1), 
	.Dim=c(3464, 17)), 
z2= structure(.Data= c(Z2), 
	.Dim=c(3109, 17)), 
thdpsych= structure(.Data= c(
	-2.00000E+02, 5.73366E-01, 1.45146E+00, 2.00000E+02, 
	-2.00000E+02, 3.90313E-01, 1.47467E+00, 2.00000E+02, 
	-2.00000E+02, 4.28082E-01, 1.47467E+00, 2.00000E+02, 
	-2.00000E+02, 8.13896E-01, 1.34747E+00, 2.00000E+02, 
	-2.00000E+02, 8.12889E-01, 1.46614E+00, 2.00000E+02, 
	-2.00000E+02, 5.03097E-01, 1.40725E+00, 2.00000E+02), 
	.Dim=c(6, 4)), 
thdsleep= structure(.Data= c(
	-2.00000E+02, -6.66225E-02, 9.64345E-01, 1.79441E+00, 2.70027E+00, 2.00000E+02, 
	-2.00000E+02, -1.08030E-01, 8.06862E-01, 1.39566E+00, 1.87623E+00, 2.00000E+02, 
	-2.00000E+02, 5.47962E-01, 9.60895E-01, 1.32974E+00, 1.82798E+00, 2.00000E+02, 
	-2.00000E+02, 2.31438E-01, 9.81771E-01, 1.48987E+00, 1.90209E+00, 2.00000E+02, 
	-2.00000E+02, 4.54404E-01, 1.15457E+00, 1.62611E+00, 2.04360E+00, 2.00000E+02), 
	.Dim=c(5, 6)))
