list(N=5.00000E+02, zero=c(0.00000E+00, 0.00000E+00), d=c(8.22944E-01, -5.83343E-02, 9.13607E-01, -2.32636E-02, -8.03658E-02, -6.82773E-02, 4.64686E-01, -5.92314E-01, 3.32156E+00, -1.24298E+00, 2.48260E+00, -8.18513E-01, 7.03526E-01, -9.77815E-01, -5.08278E-01, 1.67007E-01, 1.28538E+00, -1.43451E-01, 1.52610E-01, 2.39969E+00, 4.29703E-02, 8.53308E-01, 1.63528E+00, 1.08249E+00, -1.17553E+00, -1.34004E-01, -6.68580E-01, 1.66996E+00, 5.24697E-01, 2.00772E+00, -1.97402E+00, -5.73833E-01, 2.20659E+00, -2.31753E+00, -5.27419E-01, -1.20271E+00, -3.84459E+00, 3.83102E-01, 8.43633E-01, -4.55891E-01, -1.12272E+00, 7.30773E-01, 5.74192E-01, 1.68306E+00, -1.34112E+00, 7.10571E-02, 8.65680E-01, 1.45073E+00, 9.22208E-01, 2.50031E+00, 1.85556E-01, 1.27671E-01, 1.70386E+00, 4.80544E+00, -7.12938E-01, 2.77937E-01, -6.37718E-01, -1.06069E-01, 5.82306E-02, 5.60492E-01, 1.14849E+00, 3.06753E-01, 1.28284E+00, 7.00503E-02, 9.94977E-01, 1.70909E+00, 3.92473E-01, 3.19367E-01, 1.28208E+00, -1.25945E-02, -7.61978E-01, -1.41790E+00, 6.69528E-01, -8.23020E-01, -2.25079E+00, 2.80218E-02, -3.38962E-01, -1.32387E-01, -7.60947E-01, -2.59996E+00, 1.18819E+00, 9.43530E-01, 3.87333E-01, -6.81037E-02, 8.29751E-01, 1.23806E+00, -1.23708E+00, 1.62086E+00, -3.64471E-01, -2.06811E+00, 2.17838E+00, -7.14620E-01, 3.19659E-01, 5.01334E-01, 1.46294E+00, -2.01882E+00, 3.25391E-01, -6.52905E-03, -1.40223E+00, -2.85971E+00, 1.84316E-01, -1.63161E-01, -3.58699E-01, 1.76204E+00, 6.30024E-01, 1.32930E-01, -6.56434E-01, 7.72885E-01, 1.36015E+00, -9.18718E-01, 8.94800E-01, 9.33521E-01, -8.52739E-01, 6.62094E-01, -9.95558E-01, 1.31100E-02, 1.19106E+00, -3.51126E-01, -1.25093E+00, 1.60822E-02, -2.78671E+00, 3.07509E+00, 1.86594E-01, 3.56822E-01, 3.49644E-01, -1.36689E+00, 3.75640E-01, -2.73525E+00, 4.79042E-01, -3.99526E-01, 8.02142E-01, -8.85270E-02, 1.13823E+00, -8.63059E-01, 8.05168E-01, -7.29672E-01, -1.22962E+00, -1.24617E-02, -1.24070E+00, -4.71720E-01, -2.00470E+00, -1.00455E+00, -9.51856E-01, -2.58938E-01, -1.37826E+00, -4.66867E-01, 3.98185E-01, 4.32267E-01, 8.88292E-01, -6.42134E-01, -4.04155E-01, -1.04152E+00, -2.17800E-01, -2.06101E-01, -5.04266E-02, 9.90482E-01, 3.89084E-01, 3.96731E+00, -1.59412E+00, -1.67350E+00, 1.61170E+00, 1.03203E-02, 8.55836E-01, 3.79528E-02, 9.70004E-01, 1.25345E+00, 1.37452E+00, 2.01799E+00, 5.34296E-01, 6.80496E-01, 2.38403E+00, -7.57419E-01, 1.54179E-01, 9.37166E-01, 1.72506E+00, 9.31871E-02, -4.36271E-01, -1.89862E-02, -8.58891E-02, 3.30846E+00, -8.16767E-02, 6.89070E-02, 2.12468E-01, 9.03554E-01, -8.39046E-01, -1.30641E+00, 3.31442E-01, -8.51669E-01, 4.10525E-01, 1.31317E+00, 7.59954E-01, 4.42247E-01, 3.44237E+00, 2.02457E-01, -1.14507E+00, 1.60588E-01, -1.31098E+00, 1.73311E+00, 1.36728E+00, 4.53462E-01, -2.69474E+00, -1.47010E-01, 5.11941E+00, -1.26562E+00, 3.15922E-01, 2.96902E-01, -1.09323E+00, 6.86240E-01, -1.40082E+00, 2.57807E-01, -5.78513E-01, -1.56320E+00, -6.22444E-01, 5.26754E-01, 3.42639E-01, 1.84086E+00, 4.27228E-01, -1.65877E+00, -9.77930E-02, 3.74794E-01, 2.72253E-01, 1.11591E+00, 1.48709E+00, -5.02353E-03, 3.39188E-02, 3.49570E-01, -1.83628E-02, -2.18271E+00, -1.51834E+00, -2.00661E-02, -1.27907E+00, 4.43918E-01, -3.77486E-01, -5.11400E-01, -1.73927E+00, -7.99016E-01, -1.26233E+00, -1.80318E+00, -3.29091E+00, -7.29273E-01, -8.22725E-01, -2.35307E-01, 1.26566E+00, -2.65738E-01, -1.49978E-02, 2.73079E+00, 1.50308E+00, 1.83691E+00, 1.68551E-01, -1.31677E+00, -2.45952E+00, -2.65977E-01, 1.38204E+00, -7.72501E-02, 4.12076E-01, -9.96059E-01, -2.56831E+00, 1.10729E-01, -4.47822E-01, 3.41359E+00, -1.05538E+00, 9.99162E-01, -4.48516E-01, -3.00588E-01, -1.34521E+00, -2.60926E-01, 2.81819E-01, -1.12802E+00, -1.60609E+00, 1.51139E+00, 2.22207E-01, -2.00003E+00, 5.39129E-01, -5.05209E-02, -2.24778E-01, 1.21552E+00, 1.22387E-01, -1.88453E-02, -1.25544E+00, -2.56832E-01, -2.78203E-01, 1.28848E+00, -9.34217E-02, -2.13366E+00, -1.21804E+00, 3.52301E-01, -1.22983E+00, 5.60715E-01, -6.78326E-01, 1.38491E+00, -4.40019E-01, -4.91150E-01, 3.37979E-01, -2.08710E-01, 1.04003E+00, -1.16739E+00, 1.24468E+00, -1.28860E-01, 1.21001E-01, 2.44424E+00, -8.10214E-01, 5.18253E-01, -4.32454E-01, 9.15913E-01, 1.11989E+00, 7.02930E-01, 4.97311E-01, -2.05932E+00, 3.24100E-01, -8.36009E-01, 7.73552E-01, -2.54208E-01, -1.14009E+00, -1.89100E-01, -9.64555E-01, 4.32225E-01, 4.89822E-01, -7.34592E-01, 7.59215E-01, 2.09051E+00, 8.26726E-01, -7.87545E-01, 8.64260E-01, 9.65021E-01, -7.82661E-01, 1.51564E+00, -6.30958E-01, -2.37590E-01, 1.54445E+00, 2.72009E-02, 1.56694E+00, 6.20188E-01, -8.27519E-01, -6.00246E-01, -7.94255E-01, 5.29975E-01, -1.68271E+00, 2.30023E-01, 9.86249E-01, -2.71985E-01, -9.35346E-01, 1.81208E+00, 9.07884E-02, -7.83051E-01, -1.50620E-01, 3.54123E+00, 2.13805E+00, 1.03969E+00, -3.38438E+00, -1.72115E+00, -1.19580E+00, 9.12137E-01, 2.15458E-01, 6.77758E-01, 2.81195E-01, 7.05235E-01, 2.05549E-01, -6.14632E-01, 1.24038E-01, 6.12308E-01, 1.48160E+00, 8.59509E-01, 1.31685E+00, 2.51403E-01, -6.59404E-01, -2.24634E-02, 4.02628E-02, -2.31002E-01, 6.88765E-01, 6.33389E-01, 5.54507E-01, -2.01288E+00, -1.95802E+00, -4.33068E-01, 1.80361E-01, 3.22202E+00, -2.04925E+00, 1.70451E-01, 3.02034E-01, -7.97791E-01, 7.91897E-01, -1.53990E-01, -7.73867E-01, 1.25759E+00, -8.54332E-01, 7.85973E-02, 2.39937E+00, -4.09091E-02, -1.23948E+00, -1.16180E-01, -1.33733E+00, -2.33666E-01, -9.91377E-01, 9.07509E-01, -1.85167E+00, 1.26486E-01, 1.07636E+00, -5.56717E-01, -1.88485E-01, 1.26182E+00, 8.56761E-01, -1.68464E+00, -5.43535E-01, 2.78498E-01, -9.21236E-01, 9.11377E-01, 8.55374E-02, -1.13756E+00, 5.28176E-03, 7.84102E-01, -1.12723E+00, -9.81502E-01, -1.15041E+00, -1.55984E+00, -7.82145E-02, 8.49027E-01, 2.39043E+00, -1.23568E+00, -9.02962E-01, -3.36852E+00, -1.17031E-01, 4.29259E+00, -5.83029E-01, 1.48903E+00, -1.30119E+00, 8.24128E-01, -6.75694E-02, 5.09339E-01, -3.79573E-01, 2.95570E+00, -9.43805E-01, 1.12247E+00, 1.29663E+00, 4.50937E-01, 1.15307E+00, -3.52599E-01, -1.71261E-01, -2.28569E+00, 1.60726E+00, 1.84580E+00, -7.76913E-01, 5.25059E-01, -1.46990E+00, 2.87096E-01, 1.84924E-01, -3.43310E-01, 2.88509E+00, 8.16073E-02, -5.30971E-01, 2.50674E-01, -2.59468E-01, -1.56773E+00, -6.57228E-02, -6.81750E-02, 1.01876E+00, -1.45196E-01, -3.13285E-01, -9.96245E-02, 2.61234E-01, 1.04215E+00, 4.65594E-01, 1.02028E+00, -1.33847E+00, 4.24056E+00, 3.95827E-01, -9.88146E-01, -1.58767E+00, 9.74373E-01, -5.11305E-01, -6.17490E-01, 9.46398E-01, -4.96211E-01, 4.18878E-01, -1.58251E+00, -2.70975E-02, -3.11759E-01, 4.68034E-01, 2.05560E+00, 3.73918E-01, -5.01692E-01, -1.21342E-01, 6.77041E-01, -1.23982E+00, 2.21311E-01, 7.06571E-01, 5.58112E-01, 2.25592E-01, 1.23638E+00, 2.41201E+00, 9.26091E-01, 2.88331E-01, -6.41489E-01, -1.36630E+00, -1.36041E-01, -8.96613E-03, -1.63148E-01, -3.12875E-01, -1.86092E-01, -1.05196E+00, -1.54606E+00),